#Digilent WaveForms Oscilloscope Acquisition
#Device Name: Discovery2
#Serial Number: SN:210321A18976
#Date Time: 2018-11-02 15:48:13.463
#Sample rate: 800Hz
#Samples: 8192
#Trigger: Source: Channel 1 Type: Edge Condition: Rising Level: 0 V Hyst.: Auto HoldOff: 0 s
#Channel 1: Range: 600 mV/div Offset: 0 V

Time (s),Channel 1 (V)
-5.1187500000000004,-0.39900972110286126
-5.1175000000000006,-0.40266944572822055
-5.11625,-0.40632917035358318
-5.1150000000000002,-0.41364861960430516
-5.1137500000000005,-0.41730834422966612
-5.1124999999999998,-0.42096806885503041
-5.1112500000000001,-0.42828751810574905
-5.1100000000000003,-0.43194724273111001
-5.1087500000000006,-0.43560696735646931
-5.1074999999999999,-0.43926669198183194
-5.1062500000000002,-0.43926669198183194
-5.1050000000000004,-0.4429264166071929
-5.1037500000000007,-0.4429264166071929
-5.1025,-0.44658614123255391
-5.1012500000000003,-0.44658614123255391
-5.1000000000000005,-0.44658614123255391
-5.0987499999999999,-0.45024586585791487
-5.0975000000000001,-0.45024586585791487
-5.0962500000000004,-0.44658614123255391
-5.0950000000000006,-0.44658614123255391
-5.09375,-0.44658614123255391
-5.0925000000000002,-0.44658614123255391
-5.0912500000000005,-0.4429264166071929
-5.0899999999999999,-0.43926669198183027
-5.0887500000000001,-0.43560696735647098
-5.0875000000000004,-0.43194724273111001
-5.0862500000000006,-0.42462779348039137
-5.085,-0.42096806885502708
-5.0837500000000002,-0.41364861960430516
-5.0825000000000005,-0.40998889497894414
-5.0812499999999998,-0.40266944572821889
-5.0800000000000001,-0.39534999647750024
-5.0787500000000003,-0.39169027185213928
-5.0775000000000006,-0.38437082260142069
-5.0762499999999999,-0.37705137335069205
-5.0750000000000002,-0.36973192409997346
-5.0737500000000004,-0.36241247484925149
-5.0725000000000007,-0.3514333009731736
-5.07125,-0.34411385172244663
-5.0700000000000003,-0.33313467784636375
-5.0687500000000005,-0.32581522859564177
-5.0674999999999999,-0.3148360547195555
-5.0662500000000001,-0.30751660546883691
-5.0650000000000004,-0.30019715621811499
-5.0637500000000006,-0.28921798234203705
-5.0625,-0.28189853309131008
-5.0612500000000002,-0.2709193592152272
-5.0600000000000005,-0.26359990996450522
-5.0587499999999999,-0.25262073608841901
-5.0575000000000001,-0.24530128683770036
-5.0562500000000004,-0.23432211296161745
-5.0550000000000006,-0.22700266371089883
-5.05375,-0.21602348983481259
-5.0525000000000002,-0.20870404058409064
-5.0512500000000005,-0.2013845913333687
-5.0499999999999998,-0.19040541745728246
-5.0487500000000001,-0.18308596820656384
-5.0475000000000003,-0.17576651895584189
-5.0462500000000006,-0.16844706970512327
-5.0449999999999999,-0.16112762045439466
-5.0437500000000002,-0.15380817120367604
-5.0425000000000004,-0.14648872195295409
-5.0412500000000007,-0.13916927270223547
-5.04,-0.1318498234515102
-5.0387500000000003,-0.12453037420078826
-5.0375000000000005,-0.11721092495006631
-5.0362499999999999,-0.11355120032470201
-5.0350000000000001,-0.10623175107398339
-5.0337500000000004,-0.098912301823261439
-5.0325000000000006,-0.095252577197902144
-5.03125,-0.091592852572539504
-5.0300000000000002,-0.084273403321817555
-5.0287500000000005,-0.080613678696456581
-5.0274999999999999,-0.076953954071093941
-5.0262500000000001,-0.073294229445734632
-5.0250000000000004,-0.069634504820373658
-5.0237500000000006,-0.065974780195014349
-5.0225,-0.062315055569651716
-5.0212500000000002,-0.058655330944290741
-5.0200000000000005,-0.058655330944290741
-5.0187499999999998,-0.054995606318929767
-5.0175000000000001,-0.054995606318929767
-5.0162500000000003,-0.051335881693568793
-5.0150000000000006,-0.051335881693568793
-5.0137499999999999,-0.051335881693568793
-5.0125000000000002,-0.051335881693568793
-5.0112500000000004,-0.047676157068207825
-5.0100000000000007,-0.047676157068207825
-5.00875,-0.047676157068207825
-5.0075000000000003,-0.047676157068207825
-5.0062500000000005,-0.047676157068207825
-5.0049999999999999,-0.047676157068207825
-5.0037500000000001,-0.047676157068207825
-5.0025000000000004,-0.047676157068207825
-5.0012500000000006,-0.051335881693567127
-5,-0.051335881693568793
-4.9987500000000002,-0.051335881693568793
-4.9975000000000005,-0.054995606318929767
-4.9962499999999999,-0.054995606318931432
-4.9950000000000001,-0.058655330944290741
-4.9937500000000004,-0.058655330944290741
-4.9925000000000006,-0.058655330944290741
-4.99125,-0.062315055569651716
-4.9900000000000002,-0.065974780195012683
-4.9887500000000005,-0.065974780195012683
-4.9874999999999998,-0.069634504820375323
-4.9862500000000001,-0.073294229445734632
-4.9850000000000003,-0.073294229445734632
-4.9837500000000006,-0.076953954071093941
-4.9824999999999999,-0.080613678696458246
-4.9812500000000002,-0.084273403321817555
-4.9800000000000004,-0.08793312794717853
-4.9787500000000007,-0.08793312794717853
-4.9775,-0.095252577197900479
-4.9762500000000003,-0.098912301823261439
-4.9750000000000005,-0.10257202644862241
-4.9737499999999999,-0.10257202644862574
-4.9725000000000001,-0.10989147569934436
-4.9712500000000004,-0.11355120032470534
-4.9700000000000006,-0.11721092495006465
-4.96875,-0.12087064957542729
-4.9675000000000002,-0.12453037420078826
-4.9662500000000005,-0.12819009882614923
-4.9649999999999999,-0.13550954807687285
-4.9637500000000001,-0.13916927270223214
-4.9625000000000004,-0.14282899732759313
-4.9612500000000006,-0.14648872195295243
-4.96,-0.15380817120367604
-4.9587500000000002,-0.157467895829037
-4.9575000000000005,-0.16112762045439799
-4.9562499999999998,-0.16478734507976062
-4.9550000000000001,-0.16844706970511994
-4.9537500000000003,-0.1721067943304809
-4.9525000000000006,-0.17576651895584022
-4.9512499999999999,-0.17942624358120451
-4.9500000000000002,-0.18308596820656384
-4.9487500000000004,-0.1867456928319248
-4.9475000000000007,-0.19040541745728412
-4.94625,-0.19406514208264675
-4.9450000000000003,-0.19772486670800771
-4.9437500000000005,-0.19772486670800771
-4.9424999999999999,-0.2013845913333687
-4.9412500000000001,-0.2013845913333687
-4.9400000000000004,-0.20504431595872966
-4.9387500000000006,-0.20504431595872966
-4.9375,-0.20870404058409064
-4.9362500000000002,-0.20870404058409064
-4.9350000000000005,-0.20870404058409064
-4.9337499999999999,-0.20870404058409231
-4.9325000000000001,-0.2123637652094516
-4.9312500000000004,-0.2123637652094516
-4.9300000000000006,-0.2123637652094516
-4.92875,-0.2123637652094516
-4.9275000000000002,-0.2123637652094516
-4.9262500000000005,-0.20870404058409064
-4.9249999999999998,-0.20870404058409064
-4.9237500000000001,-0.20870404058409064
-4.9225000000000003,-0.20870404058409064
-4.9212500000000006,-0.20504431595873132
-4.9199999999999999,-0.20504431595872799
-4.9187500000000002,-0.2013845913333687
-4.9175000000000004,-0.2013845913333687
-4.9162500000000007,-0.2013845913333687
-4.915,-0.19772486670800771
-4.9137500000000003,-0.19772486670800771
-4.9125000000000005,-0.19406514208264675
-4.9112499999999999,-0.19406514208264508
-4.9100000000000001,-0.19040541745728579
-4.9087500000000004,-0.19040541745728579
-4.9075000000000006,-0.18674569283192646
-4.90625,-0.1867456928319248
-4.9050000000000002,-0.18308596820656384
-4.9037500000000005,-0.18308596820656384
-4.9024999999999999,-0.17942624358120285
-4.9012500000000001,-0.17942624358120285
-4.9000000000000004,-0.17942624358120285
-4.8987500000000006,-0.17576651895584355
-4.8975,-0.17576651895584189
-4.8962500000000002,-0.17576651895584189
-4.8950000000000005,-0.17576651895584189
-4.8937499999999998,-0.1721067943304809
-4.8925000000000001,-0.1721067943304809
-4.8912500000000003,-0.1721067943304809
-4.8900000000000006,-0.1684470697051216
-4.8887499999999999,-0.16844706970511994
-4.8875000000000002,-0.16844706970511994
-4.8862500000000004,-0.16844706970511994
-4.8850000000000007,-0.16844706970511994
-4.88375,-0.16844706970511994
-4.8825000000000003,-0.16478734507975895
-4.8812500000000005,-0.16478734507975895
-4.8799999999999999,-0.16478734507975895
-4.8787500000000001,-0.16478734507975895
-4.8775000000000004,-0.16478734507975895
-4.8762500000000006,-0.16478734507975895
-4.875,-0.16478734507975895
-4.8737500000000002,-0.16478734507975895
-4.8725000000000005,-0.16478734507975895
-4.8712499999999999,-0.16478734507975895
-4.8700000000000001,-0.16478734507975895
-4.8687500000000004,-0.16478734507975895
-4.8675000000000006,-0.16478734507975895
-4.86625,-0.16844706970511994
-4.8650000000000002,-0.16844706970511994
-4.8637500000000005,-0.16844706970511994
-4.8624999999999998,-0.16844706970511994
-4.8612500000000001,-0.16844706970511994
-4.8600000000000003,-0.1721067943304809
-4.8587500000000006,-0.1721067943304809
-4.8574999999999999,-0.1721067943304809
-4.8562500000000002,-0.1721067943304809
-4.8550000000000004,-0.1721067943304809
-4.8537500000000007,-0.17576651895584022
-4.8525,-0.17576651895584189
-4.8512500000000003,-0.17576651895584189
-4.8500000000000005,-0.17942624358120285
-4.8487499999999999,-0.17942624358120285
-4.8475000000000001,-0.17942624358120285
-4.8462500000000004,-0.18308596820656384
-4.8450000000000006,-0.18308596820656384
-4.84375,-0.1867456928319248
-4.8425000000000002,-0.1867456928319248
-4.8412500000000005,-0.1867456928319248
-4.8399999999999999,-0.18674569283192646
-4.8387500000000001,-0.19040541745728579
-4.8375000000000004,-0.19040541745728579
-4.8362500000000006,-0.19040541745728579
-4.835,-0.19406514208264675
-4.8337500000000002,-0.19406514208264675
-4.8325000000000005,-0.19772486670800771
-4.8312499999999998,-0.19772486670800937
-4.8300000000000001,-0.2013845913333687
-4.8287500000000003,-0.2013845913333687
-4.8275000000000006,-0.20504431595872799
-4.8262499999999999,-0.20504431595872966
-4.8250000000000002,-0.20504431595872966
-4.8237500000000004,-0.20870404058409064
-4.8225000000000007,-0.20870404058409064
-4.82125,-0.20870404058409064
-4.8200000000000003,-0.2123637652094516
-4.8187500000000005,-0.2123637652094516
-4.8174999999999999,-0.21236376520945327
-4.8162500000000001,-0.21602348983481259
-4.8150000000000004,-0.21602348983481259
-4.8137500000000006,-0.21968321446017189
-4.8125,-0.22334293908553454
-4.8112500000000002,-0.22334293908553454
-4.8100000000000005,-0.2270026637108955
-4.8087499999999999,-0.2270026637108955
-4.8075000000000001,-0.2270026637108955
-4.8062500000000004,-0.23066238833625649
-4.8050000000000006,-0.23066238833625649
-4.80375,-0.23432211296161745
-4.8025000000000002,-0.23432211296161745
-4.8012500000000005,-0.23798183758697841
-4.7999999999999998,-0.2416415622123394
-4.7987500000000001,-0.2416415622123394
-4.7975000000000003,-0.24530128683770036
-4.7962500000000006,-0.24530128683770036
-4.7949999999999999,-0.24896101146306301
-4.7937500000000002,-0.25262073608842234
-4.7925000000000004,-0.25262073608842234
-4.7912500000000007,-0.25628046071378163
-4.79,-0.2562804607137833
-4.7887500000000003,-0.25994018533914426
-4.7875000000000005,-0.25994018533914426
-4.7862499999999999,-0.26359990996450688
-4.7850000000000001,-0.26725963458986624
-4.7837500000000004,-0.26725963458986624
-4.7825000000000006,-0.27091935921522553
-4.78125,-0.2709193592152272
-4.7800000000000002,-0.27457908384058816
-4.7787500000000005,-0.27457908384058816
-4.7774999999999999,-0.27823880846594912
-4.7762500000000001,-0.27823880846594912
-4.7750000000000004,-0.28189853309131008
-4.7737500000000006,-0.28555825771666943
-4.7725,-0.28555825771667109
-4.7712500000000002,-0.28555825771667109
-4.7700000000000005,-0.28921798234203205
-4.7687499999999998,-0.28921798234203372
-4.7675000000000001,-0.29287770696739301
-4.7662500000000003,-0.29287770696739301
-4.7650000000000006,-0.29287770696739301
-4.7637499999999999,-0.29653743159275398
-4.7625000000000002,-0.29653743159275398
-4.7612500000000004,-0.30019715621811499
-4.7600000000000007,-0.30019715621811499
-4.75875,-0.30019715621811499
-4.7575000000000003,-0.30385688084347595
-4.7562500000000005,-0.30385688084347595
-4.7549999999999999,-0.30385688084347595
-4.7537500000000001,-0.30385688084347595
-4.7525000000000004,-0.30385688084347595
-4.7512500000000006,-0.30751660546883525
-4.75,-0.30751660546883691
-4.7487500000000002,-0.30751660546883691
-4.7475000000000005,-0.30751660546883691
-4.7462499999999999,-0.31117633009419787
-4.7450000000000001,-0.31117633009419787
-4.7437500000000004,-0.31117633009419787
-4.7425000000000006,-0.31117633009419787
-4.74125,-0.31483605471955883
-4.7400000000000002,-0.31483605471955883
-4.7387500000000005,-0.31483605471955883
-4.7374999999999998,-0.31483605471955883
-4.7362500000000001,-0.31483605471955883
-4.7350000000000003,-0.31849577934491985
-4.7337500000000006,-0.31849577934491985
-4.7324999999999999,-0.32215550397028081
-4.7312500000000002,-0.32215550397028081
-4.7300000000000004,-0.32215550397028081
-4.7287500000000007,-0.32581522859564011
-4.7275,-0.32581522859564177
-4.7262500000000003,-0.32581522859564177
-4.7250000000000005,-0.32947495322100273
-4.7237499999999999,-0.32947495322100273
-4.7225000000000001,-0.32947495322100273
-4.7212500000000004,-0.33313467784636375
-4.7200000000000006,-0.33313467784636375
-4.71875,-0.33313467784636375
-4.7175000000000002,-0.33313467784636375
-4.7162500000000005,-0.33679440247172471
-4.7149999999999999,-0.33679440247172637
-4.7137500000000001,-0.34045412709708567
-4.7125000000000004,-0.34045412709708567
-4.7112500000000006,-0.34045412709708567
-4.71,-0.34411385172244663
-4.7087500000000002,-0.34411385172244663
-4.7075000000000005,-0.34411385172244663
-4.7062499999999998,-0.34411385172244829
-4.7050000000000001,-0.34777357634780764
-4.7037500000000003,-0.34777357634780764
-4.7025000000000006,-0.34777357634780764
-4.7012499999999999,-0.35143330097316861
-4.7000000000000002,-0.35143330097316861
-4.6987500000000004,-0.35143330097316861
-4.6975000000000007,-0.3550930255985279
-4.69625,-0.35509302559852957
-4.6950000000000003,-0.35509302559852957
-4.6937500000000005,-0.35875275022389053
-4.6924999999999999,-0.35875275022389053
-4.6912500000000001,-0.35875275022389053
-4.6900000000000004,-0.36241247484925149
-4.6887500000000006,-0.36241247484925149
-4.6875,-0.36241247484925149
-4.6862500000000002,-0.3660721994746125
-4.6850000000000005,-0.3660721994746125
-4.6837499999999999,-0.36607219947461417
-4.6825000000000001,-0.36973192409997346
-4.6812500000000004,-0.36973192409997346
-4.6800000000000006,-0.37339164872533276
-4.67875,-0.37339164872533442
-4.6775000000000002,-0.37339164872533442
-4.6762500000000005,-0.37705137335069538
-4.6749999999999998,-0.37705137335069705
-4.6737500000000001,-0.3807110979760564
-4.6725000000000003,-0.3807110979760564
-4.6712500000000006,-0.3807110979760564
-4.6699999999999999,-0.38071109797605807
-4.6687500000000002,-0.38437082260141736
-4.6675000000000004,-0.38437082260141736
-4.6662500000000007,-0.38437082260141736
-4.665,-0.38437082260141736
-4.6637500000000003,-0.38803054722677832
-4.6625000000000005,-0.38803054722677832
-4.6612499999999999,-0.38803054722677832
-4.6600000000000001,-0.38803054722677832
-4.6587500000000004,-0.38803054722677832
-4.6575000000000006,-0.38803054722677832
-4.65625,-0.38803054722677832
-4.6550000000000002,-0.38437082260141736
-4.6537500000000005,-0.38437082260141736
-4.6524999999999999,-0.38437082260141736
-4.6512500000000001,-0.38437082260141736
-4.6500000000000004,-0.3807110979760564
-4.6487500000000006,-0.3807110979760564
-4.6475,-0.3807110979760564
-4.6462500000000002,-0.37705137335069538
-4.6450000000000005,-0.37339164872533442
-4.6437499999999998,-0.37339164872533276
-4.6425000000000001,-0.36973192409997346
-4.6412500000000003,-0.36973192409997346
-4.6400000000000006,-0.36607219947461417
-4.6387499999999999,-0.36241247484924982
-4.6375000000000002,-0.35875275022389053
-4.6362500000000004,-0.35509302559852957
-4.6350000000000007,-0.35509302559852957
-4.63375,-0.35143330097316861
-4.6325000000000003,-0.34777357634780764
-4.6312500000000005,-0.34411385172244663
-4.6299999999999999,-0.340454127097084
-4.6287500000000001,-0.33679440247172471
-4.6275000000000004,-0.33313467784636375
-4.6262500000000006,-0.33313467784636375
-4.625,-0.32947495322100273
-4.6237500000000002,-0.32581522859564177
-4.6225000000000005,-0.32215550397028081
-4.6212499999999999,-0.31849577934491818
-4.6200000000000001,-0.31483605471955883
-4.6187500000000004,-0.31117633009419787
-4.6175000000000006,-0.31117633009419787
-4.61625,-0.30751660546883691
-4.6150000000000002,-0.30385688084347595
-4.6137500000000005,-0.30385688084347595
-4.6124999999999998,-0.30019715621811333
-4.6112500000000001,-0.29653743159275398
-4.6100000000000003,-0.29287770696739301
-4.6087500000000006,-0.29287770696739301
-4.6074999999999999,-0.28921798234203039
-4.6062500000000002,-0.28555825771667109
-4.6050000000000004,-0.28189853309131008
-4.6037500000000007,-0.27823880846595078
-4.6025,-0.27457908384058816
-4.6012500000000003,-0.2709193592152272
-4.6000000000000005,-0.2709193592152272
-4.5987499999999999,-0.26725963458986457
-4.5975000000000001,-0.26359990996450522
-4.5962500000000004,-0.25994018533914426
-4.5950000000000006,-0.25628046071378496
-4.59375,-0.25262073608842234
-4.5925000000000002,-0.24896101146306135
-4.5912500000000005,-0.24530128683770036
-4.5899999999999999,-0.24164156221233773
-4.5887500000000001,-0.23798183758697841
-4.5875000000000004,-0.23432211296161745
-4.5862500000000006,-0.23066238833625816
-4.585,-0.2270026637108955
-4.5837500000000002,-0.21968321446017355
-4.5825000000000005,-0.21602348983481259
-4.5812499999999998,-0.21236376520944994
-4.5800000000000001,-0.20870404058409064
-4.5787500000000003,-0.2013845913333687
-4.5775000000000006,-0.19772486670800937
-4.5762499999999999,-0.19406514208264342
-4.5750000000000002,-0.1867456928319248
-4.5737500000000004,-0.18308596820656384
-4.5725000000000007,-0.17942624358120451
-4.57125,-0.1721067943304809
-4.5700000000000003,-0.16844706970511994
-4.5687500000000005,-0.16112762045439799
-4.5674999999999999,-0.15746789582903534
-4.5662500000000001,-0.15380817120367604
-4.5650000000000004,-0.14648872195295409
-4.5637500000000006,-0.1428289973275948
-4.5625,-0.13916927270223214
-4.5612500000000002,-0.1318498234515102
-4.5600000000000005,-0.12819009882614923
-4.5587499999999999,-0.12453037420078659
-4.5575000000000001,-0.12087064957542729
-4.5562500000000004,-0.11355120032470534
-4.5550000000000006,-0.10989147569934603
-4.55375,-0.10623175107398339
-4.5525000000000002,-0.10257202644862241
-4.5512500000000005,-0.098912301823261439
-4.5499999999999998,-0.095252577197898813
-4.5487500000000001,-0.091592852572539504
-4.5475000000000003,-0.08793312794717853
-4.5462500000000006,-0.08793312794717853
-4.5449999999999999,-0.08427340332181589
-4.5437500000000002,-0.080613678696456581
-4.5425000000000004,-0.080613678696456581
-4.5412500000000007,-0.076953954071097272
-4.54,-0.076953954071095607
-4.5387500000000003,-0.073294229445734632
-4.5375000000000005,-0.073294229445734632
-4.5362499999999999,-0.073294229445734632
-4.5350000000000001,-0.073294229445734632
-4.5337500000000004,-0.069634504820373658
-4.5325000000000006,-0.069634504820373658
-4.53125,-0.069634504820373658
-4.5300000000000002,-0.069634504820373658
-4.5287500000000005,-0.069634504820373658
-4.5274999999999999,-0.069634504820375323
-4.5262500000000001,-0.073294229445734632
-4.5250000000000004,-0.073294229445734632
-4.5237500000000006,-0.073294229445734632
-4.5225,-0.073294229445734632
-4.5212500000000002,-0.073294229445734632
-4.5200000000000005,-0.073294229445734632
-4.5187499999999998,-0.076953954071095607
-4.5175000000000001,-0.076953954071095607
-4.5162500000000003,-0.076953954071095607
-4.5150000000000006,-0.080613678696454916
-4.5137499999999999,-0.080613678696458246
-4.5125000000000002,-0.084273403321817555
-4.5112500000000004,-0.084273403321817555
-4.5100000000000007,-0.087933127947176865
-4.50875,-0.091592852572539504
-4.5075000000000003,-0.095252577197900479
-4.5062500000000005,-0.095252577197900479
-4.5049999999999999,-0.098912301823263105
-4.5037500000000001,-0.10257202644862241
-4.5025000000000004,-0.10257202644862241
-4.5012500000000006,-0.10623175107398172
-4.5,-0.10989147569934436
-4.4987500000000002,-0.11355120032470534
-4.4975000000000005,-0.11721092495006631
-4.4962499999999999,-0.12087064957542895
-4.4950000000000001,-0.12453037420078826
-4.4937500000000004,-0.12819009882614923
-4.4925000000000006,-0.13550954807686785
-4.49125,-0.13916927270223214
-4.4900000000000002,-0.14282899732759313
-4.4887500000000005,-0.14648872195295409
-4.4874999999999998,-0.15380817120367771
-4.4862500000000001,-0.157467895829037
-4.4850000000000003,-0.16478734507975895
-4.4837500000000006,-0.16844706970511827
-4.4824999999999999,-0.17576651895584522
-4.4812500000000002,-0.18308596820656384
-4.4800000000000004,-0.1867456928319248
-4.4787500000000007,-0.19406514208264342
-4.4775,-0.19772486670800771
-4.4762500000000003,-0.20504431595872966
-4.4750000000000005,-0.20870404058409064
-4.4737499999999999,-0.21602348983481426
-4.4725000000000001,-0.21968321446017355
-4.4712500000000004,-0.2270026637108955
-4.4700000000000006,-0.23066238833625483
-4.46875,-0.23432211296161745
-4.4675000000000002,-0.2416415622123394
-4.4662500000000005,-0.24530128683770036
-4.4649999999999999,-0.252620736088424
-4.4637500000000001,-0.2562804607137833
-4.4625000000000004,-0.25994018533914426
-4.4612500000000006,-0.26359990996450355
-4.46,-0.2709193592152272
-4.4587500000000002,-0.27457908384058816
-4.4575000000000005,-0.27823880846594912
-4.4562499999999998,-0.27823880846595078
-4.4550000000000001,-0.28189853309131008
-4.4537500000000003,-0.28555825771667109
-4.4525000000000006,-0.28921798234203039
-4.4512499999999999,-0.29287770696739468
-4.4500000000000002,-0.29653743159275398
-4.4487500000000004,-0.30019715621811499
-4.4475000000000007,-0.30019715621811499
-4.44625,-0.30385688084347595
-4.4450000000000003,-0.30751660546883691
-4.4437500000000005,-0.31117633009419787
-4.4424999999999999,-0.31117633009419787
-4.4412500000000001,-0.31117633009419787
-4.4400000000000004,-0.31483605471955883
-4.4387500000000006,-0.31849577934491818
-4.4375,-0.31849577934491985
-4.4362500000000002,-0.32215550397028081
-4.4350000000000005,-0.32215550397028081
-4.4337499999999999,-0.32215550397028248
-4.4325000000000001,-0.32581522859564177
-4.4312500000000004,-0.32581522859564177
-4.4300000000000006,-0.32581522859564177
-4.42875,-0.32581522859564177
-4.4275000000000002,-0.32581522859564177
-4.4262500000000005,-0.32581522859564177
-4.4249999999999998,-0.32581522859564177
-4.4237500000000001,-0.32581522859564177
-4.4225000000000003,-0.32581522859564177
-4.4212500000000006,-0.32581522859564177
-4.4199999999999999,-0.32581522859564011
-4.4187500000000002,-0.32215550397028081
-4.4175000000000004,-0.32215550397028081
-4.4162500000000007,-0.32215550397028081
-4.415,-0.32215550397028081
-4.4137500000000003,-0.31849577934491985
-4.4125000000000005,-0.31849577934491985
-4.4112499999999999,-0.31483605471955883
-4.4100000000000001,-0.31483605471955883
-4.4087500000000004,-0.31483605471955883
-4.4075000000000006,-0.31117633009419954
-4.40625,-0.31117633009419787
-4.4050000000000002,-0.30751660546883691
-4.4037500000000005,-0.30385688084347595
-4.4024999999999999,-0.30385688084347429
-4.4012500000000001,-0.30019715621811499
-4.4000000000000004,-0.30019715621811499
-4.3987500000000006,-0.29653743159275564
-4.3975,-0.29287770696739301
-4.3962500000000002,-0.28921798234203205
-4.3950000000000005,-0.28921798234203205
-4.3937499999999998,-0.28555825771666943
-4.3925000000000001,-0.28189853309131008
-4.3912500000000003,-0.27823880846594912
-4.3900000000000006,-0.27457908384058982
-4.3887499999999999,-0.27091935921522553
-4.3875000000000002,-0.26725963458986624
-4.3862500000000004,-0.26725963458986624
-4.3850000000000007,-0.26359990996450688
-4.38375,-0.25994018533914426
-4.3825000000000003,-0.2562804607137833
-4.3812500000000005,-0.25262073608842234
-4.3799999999999999,-0.24896101146305968
-4.3787500000000001,-0.24530128683770036
-4.3775000000000004,-0.2416415622123394
-4.3762500000000006,-0.23798183758698008
-4.375,-0.23798183758697841
-4.3737500000000002,-0.23066238833625649
-4.3725000000000005,-0.23066238833625649
-4.3712499999999999,-0.22700266371089384
-4.3700000000000001,-0.22334293908553454
-4.3687500000000004,-0.21968321446017355
-4.3675000000000006,-0.21602348983481426
-4.36625,-0.2123637652094516
-4.3650000000000002,-0.2123637652094516
-4.3637500000000005,-0.20870404058409064
-4.3624999999999998,-0.20870404058408898
-4.3612500000000001,-0.20504431595872966
-4.3600000000000003,-0.2013845913333687
-4.3587500000000006,-0.2013845913333687
-4.3574999999999999,-0.19772486670800604
-4.3562500000000002,-0.19406514208264675
-4.3550000000000004,-0.19406514208264675
-4.3537500000000007,-0.19040541745728745
-4.3525,-0.1867456928319248
-4.3512500000000003,-0.1867456928319248
-4.3500000000000005,-0.18308596820656384
-4.3487499999999999,-0.18308596820656217
-4.3475000000000001,-0.17942624358120285
-4.3462500000000004,-0.17942624358120285
-4.3450000000000006,-0.17942624358120285
-4.34375,-0.17576651895584189
-4.3425000000000002,-0.17576651895584189
-4.3412500000000005,-0.1721067943304809
-4.3399999999999999,-0.17210679433047923
-4.3387500000000001,-0.16844706970511994
-4.3375000000000004,-0.16844706970511994
-4.3362500000000006,-0.16844706970511994
-4.335,-0.16844706970511994
-4.3337500000000002,-0.16478734507975895
-4.3325000000000005,-0.16478734507975895
-4.3312499999999998,-0.16478734507975895
-4.3300000000000001,-0.16478734507975895
-4.3287500000000003,-0.16478734507975895
-4.3275000000000006,-0.16478734507975895
-4.3262499999999999,-0.16478734507975729
-4.3250000000000002,-0.16112762045439799
-4.3237500000000004,-0.16112762045439799
-4.3225000000000007,-0.16112762045439799
-4.32125,-0.16112762045439799
-4.3200000000000003,-0.16112762045439799
-4.3187500000000005,-0.16112762045439799
-4.3174999999999999,-0.157467895829037
-4.3162500000000001,-0.157467895829037
-4.3150000000000004,-0.16112762045439799
-4.3137500000000006,-0.15746789582903867
-4.3125,-0.16112762045439799
-4.3112500000000002,-0.16112762045439799
-4.3100000000000005,-0.16112762045439799
-4.3087499999999999,-0.16112762045439799
-4.3075000000000001,-0.16112762045439799
-4.3062500000000004,-0.16112762045439799
-4.3050000000000006,-0.16112762045439799
-4.30375,-0.16112762045439799
-4.3025000000000002,-0.16112762045439799
-4.3012500000000005,-0.16478734507975895
-4.2999999999999998,-0.16478734507975895
-4.2987500000000001,-0.16478734507975895
-4.2975000000000003,-0.16478734507975895
-4.2962500000000006,-0.16478734507975895
-4.2949999999999999,-0.16844706970511994
-4.2937500000000002,-0.16844706970511994
-4.2925000000000004,-0.1721067943304809
-4.2912500000000007,-0.1721067943304809
-4.29,-0.1721067943304809
-4.2887500000000003,-0.1721067943304809
-4.2875000000000005,-0.1721067943304809
-4.2862499999999999,-0.17210679433048257
-4.2850000000000001,-0.17576651895584189
-4.2837500000000004,-0.17576651895584189
-4.2825000000000006,-0.17576651895584189
-4.28125,-0.17942624358120285
-4.2800000000000002,-0.17942624358120285
-4.2787500000000005,-0.18308596820656384
-4.2774999999999999,-0.1830859682065655
-4.2762500000000001,-0.1867456928319248
-4.2750000000000004,-0.1867456928319248
-4.2737500000000006,-0.19040541745728412
-4.2725,-0.19040541745728579
-4.2712500000000002,-0.19040541745728579
-4.2700000000000005,-0.19406514208264675
-4.2687499999999998,-0.19406514208264841
-4.2675000000000001,-0.19772486670800771
-4.2662500000000003,-0.2013845913333687
-4.2650000000000006,-0.2013845913333687
-4.2637499999999999,-0.20504431595872966
-4.2625000000000002,-0.20504431595872966
-4.2612500000000004,-0.20870404058409064
-4.2600000000000007,-0.20870404058409064
-4.25875,-0.2123637652094516
-4.2575000000000003,-0.2123637652094516
-4.2562500000000005,-0.21602348983481259
-4.2549999999999999,-0.21602348983481426
-4.2537500000000001,-0.21968321446017355
-4.2525000000000004,-0.21968321446017355
-4.2512500000000006,-0.22334293908553288
-4.25,-0.22334293908553454
-4.2487500000000002,-0.2270026637108955
-4.2475000000000005,-0.2270026637108955
-4.2462499999999999,-0.23066238833625816
-4.2450000000000001,-0.23432211296161745
-4.2437500000000004,-0.23798183758697841
-4.2425000000000006,-0.23798183758697841
-4.24125,-0.2416415622123394
-4.2400000000000002,-0.2416415622123394
-4.2387500000000005,-0.24530128683770036
-4.2374999999999998,-0.24530128683770203
-4.2362500000000001,-0.24896101146306135
-4.2350000000000003,-0.24896101146306135
-4.2337500000000006,-0.25262073608842067
-4.2324999999999999,-0.252620736088424
-4.2312500000000002,-0.2562804607137833
-4.2300000000000004,-0.2562804607137833
-4.2287500000000007,-0.25994018533914259
-4.2275,-0.25994018533914426
-4.2262500000000003,-0.26359990996450522
-4.2250000000000005,-0.26359990996450522
-4.2237499999999999,-0.26725963458986624
-4.2225000000000001,-0.26725963458986624
-4.2212500000000004,-0.2709193592152272
-4.2200000000000006,-0.2709193592152272
-4.21875,-0.2709193592152272
-4.2175000000000002,-0.27457908384058816
-4.2162500000000005,-0.27457908384058816
-4.2149999999999999,-0.27823880846594912
-4.2137500000000001,-0.27823880846594912
-4.2125000000000004,-0.28189853309131008
-4.2112500000000006,-0.28189853309131008
-4.21,-0.28189853309131008
-4.2087500000000002,-0.28555825771667109
-4.2075000000000005,-0.28555825771667109
-4.2062499999999998,-0.28555825771667109
-4.2050000000000001,-0.28555825771667109
-4.2037500000000003,-0.28921798234203205
-4.2025000000000006,-0.28921798234203205
-4.2012499999999999,-0.28921798234203205
-4.2000000000000002,-0.28921798234203205
-4.1987500000000004,-0.28921798234203205
-4.1975000000000007,-0.29287770696739135
-4.19625,-0.29287770696739301
-4.1950000000000003,-0.29287770696739301
-4.1937500000000005,-0.29287770696739301
-4.1924999999999999,-0.29287770696739301
-4.1912500000000001,-0.29287770696739301
-4.1900000000000004,-0.29287770696739301
-4.1887500000000006,-0.28921798234203372
-4.1875,-0.28921798234203205
-4.1862500000000002,-0.28921798234203205
-4.1850000000000005,-0.28921798234203205
-4.1837499999999999,-0.28555825771667109
-4.1825000000000001,-0.28555825771667109
-4.1812500000000004,-0.28555825771667109
-4.1800000000000006,-0.28555825771667109
-4.17875,-0.28555825771667109
-4.1775000000000002,-0.28189853309131008
-4.1762500000000005,-0.28189853309131008
-4.1749999999999998,-0.28189853309130841
-4.1737500000000001,-0.27823880846594912
-4.1725000000000003,-0.27823880846594912
-4.1712500000000006,-0.27457908384058982
-4.1699999999999999,-0.27457908384058816
-4.1687500000000002,-0.27457908384058816
-4.1675000000000004,-0.2709193592152272
-4.1662500000000007,-0.2709193592152272
-4.165,-0.2709193592152272
-4.1637500000000003,-0.26725963458986624
-4.1625000000000005,-0.26725963458986624
-4.1612499999999999,-0.26725963458986457
-4.1600000000000001,-0.26359990996450522
-4.1587500000000004,-0.26359990996450522
-4.1575000000000006,-0.25994018533914592
-4.15625,-0.25994018533914426
-4.1550000000000002,-0.25994018533914426
-4.1537500000000005,-0.25994018533914426
-4.1524999999999999,-0.25994018533914259
-4.1512500000000001,-0.2562804607137833
-4.1500000000000004,-0.2562804607137833
-4.1487500000000006,-0.2562804607137833
-4.1475,-0.2562804607137833
-4.1462500000000002,-0.2562804607137833
-4.1450000000000005,-0.2562804607137833
-4.1437499999999998,-0.2562804607137833
-4.1425000000000001,-0.2562804607137833
-4.1412500000000003,-0.2562804607137833
-4.1400000000000006,-0.2562804607137833
-4.1387499999999999,-0.2562804607137833
-4.1375000000000002,-0.2562804607137833
-4.1362500000000004,-0.2562804607137833
-4.1350000000000007,-0.25994018533914259
-4.13375,-0.25994018533914426
-4.1325000000000003,-0.25994018533914426
-4.1312500000000005,-0.26359990996450522
-4.1299999999999999,-0.26359990996450688
-4.1287500000000001,-0.26725963458986624
-4.1275000000000004,-0.26725963458986624
-4.1262500000000006,-0.26725963458986624
-4.125,-0.2709193592152272
-4.1237500000000002,-0.2709193592152272
-4.1225000000000005,-0.27457908384058816
-4.1212499999999999,-0.27457908384058816
-4.1200000000000001,-0.27457908384058816
-4.1187500000000004,-0.27823880846594912
-4.1175000000000006,-0.27823880846594912
-4.11625,-0.28189853309131008
-4.1150000000000002,-0.28555825771667109
-4.1137500000000005,-0.28555825771667109
-4.1124999999999998,-0.28921798234203205
-4.1112500000000001,-0.28921798234203205
-4.1100000000000003,-0.29287770696739301
-4.1087500000000006,-0.29287770696739301
-4.1074999999999999,-0.29653743159275398
-4.1062500000000002,-0.29653743159275398
-4.1050000000000004,-0.29653743159275398
-4.1037500000000007,-0.30019715621811333
-4.1025,-0.30019715621811499
-4.1012500000000003,-0.30019715621811499
-4.1000000000000005,-0.30019715621811499
-4.0987499999999999,-0.30385688084347595
-4.0975000000000001,-0.30385688084347595
-4.0962500000000004,-0.30385688084347595
-4.0950000000000006,-0.30385688084347595
-4.09375,-0.30385688084347595
-4.0925000000000002,-0.30751660546883691
-4.0912500000000005,-0.30385688084347595
-4.0899999999999999,-0.30385688084347595
-4.0887500000000001,-0.30385688084347595
-4.0875000000000004,-0.30385688084347595
-4.0862500000000006,-0.30385688084347595
-4.085,-0.30385688084347595
-4.0837500000000002,-0.30019715621811499
-4.0825000000000005,-0.30019715621811499
-4.0812499999999998,-0.30019715621811499
-4.0800000000000001,-0.30019715621811499
-4.0787500000000003,-0.30019715621811499
-4.0775000000000006,-0.30019715621811499
-4.0762499999999999,-0.29653743159275398
-4.0750000000000002,-0.29653743159275398
-4.0737500000000004,-0.29653743159275398
-4.0725000000000007,-0.29287770696739468
-4.07125,-0.29287770696739301
-4.0700000000000003,-0.28921798234203205
-4.0687500000000005,-0.28921798234203205
-4.0674999999999999,-0.28555825771667109
-4.0662500000000001,-0.28555825771667109
-4.0650000000000004,-0.28189853309131008
-4.0637500000000006,-0.28189853309131008
-4.0625,-0.27823880846594912
-4.0612500000000002,-0.27823880846594912
-4.0600000000000005,-0.27457908384058816
-4.0587499999999999,-0.27457908384058649
-4.0575000000000001,-0.2709193592152272
-4.0562500000000004,-0.2709193592152272
-4.0550000000000006,-0.2672596345898679
-4.05375,-0.26359990996450522
-4.0525000000000002,-0.25994018533914426
-4.0512500000000005,-0.25994018533914426
-4.0499999999999998,-0.25628046071378163
-4.0487500000000001,-0.25262073608842234
-4.0475000000000003,-0.25262073608842234
-4.0462500000000006,-0.24896101146306301
-4.0449999999999999,-0.2453012868376987
-4.0437500000000002,-0.2416415622123394
-4.0425000000000004,-0.2416415622123394
-4.0412500000000007,-0.23798183758698008
-4.04,-0.23432211296161745
-4.0387500000000003,-0.23066238833625649
-4.0375000000000005,-0.2270026637108955
-4.0362499999999999,-0.22334293908553288
-4.0350000000000001,-0.21968321446017355
-4.0337500000000004,-0.21602348983481259
-4.0325000000000006,-0.21236376520945327
-4.03125,-0.20870404058409064
-4.0300000000000002,-0.20504431595872966
-4.0287500000000005,-0.2013845913333687
-4.0274999999999999,-0.19772486670800604
-4.0262500000000001,-0.19406514208264675
-4.0250000000000004,-0.19040541745728579
-4.0237500000000006,-0.18674569283192646
-4.0225,-0.18308596820656384
-4.0212500000000002,-0.17576651895584189
-4.0200000000000005,-0.1721067943304809
-4.0187499999999998,-0.16844706970511827
-4.0175000000000001,-0.16478734507975895
-4.0162500000000003,-0.16112762045439799
-4.0150000000000006,-0.15746789582903867
-4.0137499999999999,-0.15380817120367438
-4.0125000000000002,-0.15014844657831508
-4.0112500000000004,-0.14648872195295409
-4.0100000000000007,-0.14648872195295409
-4.00875,-0.14282899732759313
-4.0075000000000003,-0.13916927270223214
-4.0062500000000005,-0.13550954807687118
-4.0049999999999999,-0.13550954807686952
-4.0037500000000001,-0.1318498234515102
-4.0025000000000004,-0.12819009882614923
-4.0012500000000006,-0.12819009882614923
-3.9999999999999996,-0.12453037420078826
-3.9987499999999998,-0.12453037420078826
-3.9974999999999996,-0.12453037420078826
-3.9962499999999999,-0.12087064957542729
-3.9949999999999997,-0.12087064957542729
-3.9937499999999999,-0.12087064957542729
-3.9924999999999997,-0.12087064957542729
-3.99125,-0.11721092495006631
-3.9899999999999998,-0.11721092495006631
-3.98875,-0.11721092495006631
-3.9874999999999998,-0.11721092495006631
-3.9862499999999996,-0.11721092495006631
-3.9849999999999999,-0.11721092495006631
-3.9837499999999997,-0.11721092495006631
-3.9824999999999999,-0.11721092495006631
-3.9812499999999997,-0.11721092495006631
-3.98,-0.11721092495006631
-3.9787499999999998,-0.12087064957542729
-3.9774999999999996,-0.12087064957542729
-3.9762499999999998,-0.12087064957542729
-3.9749999999999996,-0.12087064957542729
-3.9737499999999999,-0.12453037420078826
-3.9724999999999997,-0.12453037420078826
-3.9712499999999999,-0.12453037420078826
-3.9699999999999998,-0.12453037420078826
-3.96875,-0.12819009882614923
-3.9674999999999998,-0.12819009882614923
-3.9662499999999996,-0.12819009882614923
-3.9649999999999999,-0.1318498234515102
-3.9637499999999997,-0.1318498234515102
-3.9624999999999999,-0.1318498234515102
-3.9612499999999997,-0.13550954807687118
-3.96,-0.13550954807687118
-3.9587499999999998,-0.13550954807687118
-3.9575,-0.13550954807687118
-3.9562499999999998,-0.13916927270223214
-3.9549999999999996,-0.13916927270223214
-3.9537499999999999,-0.13916927270223214
-3.9524999999999997,-0.13916927270223214
-3.9512499999999999,-0.13916927270223214
-3.9499999999999997,-0.14282899732759313
-3.94875,-0.14282899732759313
-3.9474999999999998,-0.14282899732759313
-3.9462499999999996,-0.14282899732759313
-3.9449999999999998,-0.14282899732759313
-3.9437499999999996,-0.14648872195295409
-3.9424999999999999,-0.14648872195295409
-3.9412499999999997,-0.14648872195295409
-3.9399999999999999,-0.14648872195295409
-3.9387499999999998,-0.15014844657831508
-3.9375,-0.15014844657831508
-3.9362499999999998,-0.15014844657831508
-3.9349999999999996,-0.15014844657831508
-3.9337499999999999,-0.15014844657831508
-3.9324999999999997,-0.15380817120367604
-3.9312499999999999,-0.15380817120367604
-3.9299999999999997,-0.157467895829037
-3.92875,-0.157467895829037
-3.9274999999999998,-0.157467895829037
-3.92625,-0.16112762045439799
-3.9249999999999998,-0.16112762045439799
-3.9237499999999996,-0.16478734507975895
-3.9224999999999999,-0.16478734507975895
-3.9212499999999997,-0.16844706970511994
-3.9199999999999999,-0.16844706970511994
-3.9187499999999997,-0.1721067943304809
-3.9175,-0.17576651895584189
-3.9162499999999998,-0.17576651895584189
-3.9149999999999996,-0.17942624358120285
-3.9137499999999998,-0.18308596820656384
-3.9124999999999996,-0.1867456928319248
-3.9112499999999999,-0.19040541745728579
-3.9099999999999997,-0.19406514208264675
-3.9087499999999999,-0.19406514208264675
-3.9074999999999998,-0.19772486670800771
-3.90625,-0.2013845913333687
-3.9049999999999998,-0.20504431595872966
-3.9037499999999996,-0.20870404058409064
-3.9024999999999999,-0.2123637652094516
-3.9012499999999997,-0.21968321446017355
-3.8999999999999999,-0.22334293908553454
-3.8987499999999997,-0.2270026637108955
-3.8975,-0.23066238833625649
-3.8962499999999998,-0.23798183758697841
-3.895,-0.2416415622123394
-3.8937499999999998,-0.24530128683770036
-3.8924999999999996,-0.25262073608842234
-3.8912499999999999,-0.2562804607137833
-3.8899999999999997,-0.25994018533914426
-3.8887499999999999,-0.26725963458986624
-3.8874999999999997,-0.2709193592152272
-3.88625,-0.27457908384058816
-3.8849999999999998,-0.27823880846594912
-3.8837499999999996,-0.28555825771667109
-3.8824999999999998,-0.28921798234203205
-3.8812499999999996,-0.29287770696739301
-3.8799999999999999,-0.30019715621811499
-3.8787499999999997,-0.30385688084347595
-3.8774999999999999,-0.30751660546883691
-3.8762499999999998,-0.31483605471955883
-3.875,-0.31849577934491985
-3.8737499999999998,-0.32215550397028081
-3.8724999999999996,-0.32581522859564177
-3.8712499999999999,-0.32947495322100273
-3.8699999999999997,-0.33679440247172471
-3.8687499999999999,-0.34045412709708567
-3.8674999999999997,-0.34411385172244663
-3.86625,-0.34777357634780764
-3.8649999999999998,-0.35143330097316861
-3.86375,-0.35509302559852957
-3.8624999999999998,-0.36241247484925149
-3.8612499999999996,-0.3660721994746125
-3.8599999999999999,-0.36973192409997346
-3.8587499999999997,-0.36973192409997346
-3.8574999999999999,-0.37339164872533442
-3.8562499999999997,-0.37705137335069538
-3.855,-0.3807110979760564
-3.8537499999999998,-0.38437082260141736
-3.8524999999999996,-0.38437082260141736
-3.8512499999999998,-0.38803054722677832
-3.8499999999999996,-0.38803054722677832
-3.8487499999999999,-0.39169027185213928
-3.8474999999999997,-0.39534999647750024
-3.8462499999999999,-0.39534999647750024
-3.8449999999999998,-0.39900972110286126
-3.84375,-0.39900972110286126
-3.8424999999999998,-0.40266944572822222
-3.8412499999999996,-0.40266944572822222
-3.8399999999999999,-0.40266944572822222
-3.8387499999999997,-0.40266944572822222
-3.8374999999999999,-0.40266944572822222
-3.8362499999999997,-0.40266944572822222
-3.835,-0.40266944572822222
-3.8337499999999998,-0.40266944572822222
-3.8325,-0.40266944572822222
-3.8312499999999998,-0.40266944572822222
-3.8299999999999996,-0.40266944572822222
-3.8287499999999999,-0.39900972110286126
-3.8274999999999997,-0.39900972110286126
-3.8262499999999999,-0.39900972110286126
-3.8249999999999997,-0.39534999647750024
-3.82375,-0.39169027185213928
-3.8224999999999998,-0.39169027185213928
-3.8212499999999996,-0.38803054722677832
-3.8199999999999998,-0.38437082260141736
-3.8187499999999996,-0.38437082260141736
-3.8174999999999999,-0.3807110979760564
-3.8162499999999997,-0.37705137335069538
-3.8149999999999999,-0.37705137335069538
-3.8137499999999998,-0.37339164872533442
-3.8125,-0.36973192409997346
-3.8112499999999998,-0.3660721994746125
-3.8099999999999996,-0.36241247484925149
-3.8087499999999999,-0.35875275022389053
-3.8074999999999997,-0.35875275022389053
-3.8062499999999999,-0.35509302559852957
-3.8049999999999997,-0.34777357634780764
-3.80375,-0.34411385172244663
-3.8024999999999998,-0.34045412709708567
-3.80125,-0.33679440247172471
-3.7999999999999998,-0.33313467784636375
-3.7987499999999996,-0.32947495322100273
-3.7974999999999999,-0.32581522859564177
-3.7962499999999997,-0.32215550397028081
-3.7949999999999999,-0.31849577934491985
-3.7937499999999997,-0.31483605471955883
-3.7925,-0.31117633009419787
-3.7912499999999998,-0.30751660546883691
-3.7899999999999996,-0.30385688084347595
-3.7887499999999998,-0.30019715621811499
-3.7874999999999996,-0.29653743159275398
-3.7862499999999999,-0.29287770696739301
-3.7849999999999997,-0.28555825771667109
-3.7837499999999999,-0.28189853309131008
-3.7824999999999998,-0.27823880846594912
-3.78125,-0.27457908384058816
-3.7799999999999998,-0.2709193592152272
-3.7787499999999996,-0.26725963458986624
-3.7774999999999999,-0.26359990996450522
-3.7762499999999997,-0.25994018533914426
-3.7749999999999999,-0.2562804607137833
-3.7737499999999997,-0.2562804607137833
-3.7725,-0.25262073608842234
-3.7712499999999998,-0.24530128683770036
-3.77,-0.2416415622123394
-3.7687499999999998,-0.23798183758697841
-3.7674999999999996,-0.23798183758697841
-3.7662499999999999,-0.23432211296161745
-3.7649999999999997,-0.23066238833625649
-3.7637499999999999,-0.2270026637108955
-3.7624999999999997,-0.22334293908553454
-3.76125,-0.22334293908553454
-3.7599999999999998,-0.21968321446017355
-3.7587499999999996,-0.21968321446017355
-3.7574999999999998,-0.21602348983481259
-3.7562499999999996,-0.2123637652094516
-3.7549999999999999,-0.2123637652094516
-3.7537499999999997,-0.20870404058409064
-3.7524999999999999,-0.20504431595872966
-3.7512499999999998,-0.20504431595872966
-3.75,-0.2013845913333687
-3.7487499999999998,-0.2013845913333687
-3.7474999999999996,-0.2013845913333687
-3.7462499999999999,-0.2013845913333687
-3.7449999999999997,-0.19772486670800771
-3.7437499999999999,-0.19772486670800771
-3.7424999999999997,-0.19772486670800771
-3.74125,-0.19406514208264675
-3.7399999999999998,-0.19406514208264675
-3.73875,-0.19406514208264675
-3.7374999999999998,-0.19406514208264675
-3.7362499999999996,-0.19406514208264675
-3.7349999999999999,-0.19406514208264675
-3.7337499999999997,-0.19406514208264675
-3.7324999999999999,-0.19406514208264675
-3.7312499999999997,-0.19406514208264675
-3.73,-0.19772486670800771
-3.7287499999999998,-0.19772486670800771
-3.7274999999999996,-0.2013845913333687
-3.7262499999999998,-0.2013845913333687
-3.7249999999999996,-0.2013845913333687
-3.7237499999999999,-0.20504431595872966
-3.7224999999999997,-0.20504431595872966
-3.7212499999999999,-0.20504431595872966
-3.7199999999999998,-0.20870404058409064
-3.71875,-0.20870404058409064
-3.7174999999999998,-0.2123637652094516
-3.7162499999999996,-0.2123637652094516
-3.7149999999999999,-0.21602348983481259
-3.7137499999999997,-0.21602348983481259
-3.7124999999999999,-0.21968321446017355
-3.7112499999999997,-0.21968321446017355
-3.71,-0.22334293908553454
-3.7087499999999998,-0.2270026637108955
-3.7075,-0.2270026637108955
-3.7062499999999998,-0.23066238833625649
-3.7049999999999996,-0.23066238833625649
-3.7037499999999999,-0.23432211296161745
-3.7024999999999997,-0.23432211296161745
-3.7012499999999999,-0.23798183758697841
-3.6999999999999997,-0.23798183758697841
-3.69875,-0.2416415622123394
-3.6974999999999998,-0.2416415622123394
-3.6962499999999996,-0.24530128683770036
-3.6949999999999998,-0.24530128683770036
-3.6937499999999996,-0.24896101146306135
-3.6924999999999999,-0.24896101146306135
-3.6912499999999997,-0.25262073608842234
-3.6899999999999999,-0.25262073608842234
-3.6887499999999998,-0.25262073608842234
-3.6875,-0.25262073608842234
-3.6862499999999998,-0.2562804607137833
-3.6849999999999996,-0.2562804607137833
-3.6837499999999999,-0.2562804607137833
-3.6824999999999997,-0.2562804607137833
-3.6812499999999999,-0.2562804607137833
-3.6799999999999997,-0.2562804607137833
-3.67875,-0.2562804607137833
-3.6774999999999998,-0.2562804607137833
-3.67625,-0.2562804607137833
-3.6749999999999998,-0.2562804607137833
-3.6737499999999996,-0.2562804607137833
-3.6724999999999999,-0.2562804607137833
-3.6712499999999997,-0.25262073608842234
-3.6699999999999999,-0.25262073608842234
-3.6687499999999997,-0.25262073608842234
-3.6675,-0.25262073608842234
-3.6662499999999998,-0.25262073608842234
-3.6649999999999996,-0.25262073608842234
-3.6637499999999998,-0.25262073608842234
-3.6624999999999996,-0.24896101146306135
-3.6612499999999999,-0.24896101146306135
-3.6599999999999997,-0.24896101146306135
-3.6587499999999999,-0.24896101146306135
-3.6574999999999998,-0.24896101146306135
-3.65625,-0.24896101146306135
-3.6549999999999998,-0.24896101146306135
-3.6537499999999996,-0.24530128683770036
-3.6524999999999999,-0.24530128683770036
-3.6512499999999997,-0.24530128683770036
-3.6499999999999999,-0.24530128683770036
-3.6487499999999997,-0.24530128683770036
-3.6475,-0.24530128683770036
-3.6462499999999998,-0.24530128683770036
-3.645,-0.24896101146306135
-3.6437499999999998,-0.24896101146306135
-3.6424999999999996,-0.24896101146306135
-3.6412499999999999,-0.24896101146306135
-3.6399999999999997,-0.24896101146306135
-3.6387499999999999,-0.24896101146306135
-3.6374999999999997,-0.24896101146306135
-3.63625,-0.24896101146306135
-3.6349999999999998,-0.24896101146306135
-3.6337499999999996,-0.24896101146306135
-3.6324999999999998,-0.24896101146306135
-3.6312499999999996,-0.24896101146306135
-3.6299999999999999,-0.24896101146306135
-3.6287499999999997,-0.24896101146306135
-3.6274999999999999,-0.24896101146306135
-3.6262499999999998,-0.24896101146306135
-3.625,-0.24896101146306135
-3.6237499999999998,-0.24896101146306135
-3.6224999999999996,-0.24896101146306135
-3.6212499999999999,-0.24896101146306135
-3.6199999999999997,-0.24530128683770036
-3.6187499999999999,-0.24530128683770036
-3.6174999999999997,-0.24530128683770036
-3.61625,-0.24530128683770036
-3.6149999999999998,-0.24530128683770036
-3.61375,-0.24530128683770036
-3.6124999999999998,-0.2416415622123394
-3.6112499999999996,-0.2416415622123394
-3.6099999999999999,-0.2416415622123394
-3.6087499999999997,-0.2416415622123394
-3.6074999999999999,-0.23798183758697841
-3.6062499999999997,-0.23798183758697841
-3.605,-0.23798183758697841
-3.6037499999999998,-0.23798183758697841
-3.6024999999999996,-0.23432211296161745
-3.6012499999999998,-0.23432211296161745
-3.5999999999999996,-0.23432211296161745
-3.5987499999999999,-0.23432211296161745
-3.5974999999999997,-0.23066238833625649
-3.5962499999999999,-0.23066238833625649
-3.5949999999999998,-0.23066238833625649
-3.59375,-0.23066238833625649
-3.5924999999999998,-0.23066238833625649
-3.5912499999999996,-0.23066238833625649
-3.5899999999999999,-0.23066238833625649
-3.5887499999999997,-0.23066238833625649
-3.5874999999999999,-0.23066238833625649
-3.5862499999999997,-0.23066238833625649
-3.585,-0.23066238833625649
-3.5837499999999998,-0.23066238833625649
-3.5825,-0.23066238833625649
-3.5812499999999998,-0.23066238833625649
-3.5799999999999996,-0.23066238833625649
-3.5787499999999999,-0.23066238833625649
-3.5774999999999997,-0.23066238833625649
-3.5762499999999999,-0.23432211296161745
-3.5749999999999997,-0.23432211296161745
-3.57375,-0.23432211296161745
-3.5724999999999998,-0.23432211296161745
-3.5712499999999996,-0.23432211296161745
-3.5699999999999998,-0.23432211296161745
-3.5687499999999996,-0.23798183758697841
-3.5674999999999999,-0.23798183758697841
-3.5662499999999997,-0.2416415622123394
-3.5649999999999999,-0.2416415622123394
-3.5637499999999998,-0.2416415622123394
-3.5625,-0.24530128683770036
-3.5612499999999998,-0.24530128683770036
-3.5599999999999996,-0.24896101146306135
-3.5587499999999999,-0.24896101146306135
-3.5574999999999997,-0.25262073608842234
-3.5562499999999999,-0.25262073608842234
-3.5549999999999997,-0.25262073608842234
-3.55375,-0.2562804607137833
-3.5524999999999998,-0.2562804607137833
-3.55125,-0.25994018533914426
-3.5499999999999998,-0.25994018533914426
-3.5487499999999996,-0.26359990996450522
-3.5474999999999999,-0.26359990996450522
-3.5462499999999997,-0.26725963458986624
-3.5449999999999999,-0.26725963458986624
-3.5437499999999997,-0.2709193592152272
-3.5425,-0.2709193592152272
-3.5412499999999998,-0.27457908384058816
-3.5399999999999996,-0.27457908384058816
-3.5387499999999998,-0.27823880846594912
-3.5374999999999996,-0.27823880846594912
-3.5362499999999999,-0.27823880846594912
-3.5349999999999997,-0.28189853309131008
-3.5337499999999999,-0.28189853309131008
-3.5324999999999998,-0.28189853309131008
-3.53125,-0.28555825771667109
-3.5299999999999998,-0.28555825771667109
-3.5287499999999996,-0.28921798234203205
-3.5274999999999999,-0.28921798234203205
-3.5262499999999997,-0.28921798234203205
-3.5249999999999999,-0.29287770696739301
-3.5237499999999997,-0.29287770696739301
-3.5225,-0.29287770696739301
-3.5212499999999998,-0.29287770696739301
-3.52,-0.29287770696739301
-3.5187499999999998,-0.29287770696739301
-3.5174999999999996,-0.29287770696739301
-3.5162499999999999,-0.29287770696739301
-3.5149999999999997,-0.29287770696739301
-3.5137499999999999,-0.29287770696739301
-3.5124999999999997,-0.29287770696739301
-3.51125,-0.29287770696739301
-3.5099999999999998,-0.29287770696739301
-3.5087499999999996,-0.29287770696739301
-3.5074999999999998,-0.28921798234203205
-3.5062499999999996,-0.28921798234203205
-3.5049999999999999,-0.28555825771667109
-3.5037499999999997,-0.28555825771667109
-3.5024999999999999,-0.28555825771667109
-3.5012499999999998,-0.28189853309131008
-3.5,-0.27823880846594912
-3.4987499999999998,-0.27823880846594912
-3.4974999999999996,-0.27457908384058816
-3.4962499999999999,-0.27457908384058816
-3.4949999999999997,-0.2709193592152272
-3.4937499999999999,-0.2709193592152272
-3.4924999999999997,-0.26725963458986624
-3.49125,-0.26359990996450522
-3.4899999999999998,-0.25994018533914426
-3.48875,-0.2562804607137833
-3.4874999999999998,-0.25262073608842234
-3.4862499999999996,-0.24896101146306135
-3.4849999999999999,-0.24530128683770036
-3.4837499999999997,-0.2416415622123394
-3.4824999999999999,-0.23798183758697841
-3.4812499999999997,-0.23432211296161745
-3.48,-0.23066238833625649
-3.4787499999999998,-0.2270026637108955
-3.4774999999999996,-0.21968321446017355
-3.4762499999999998,-0.21602348983481259
-3.4749999999999996,-0.2123637652094516
-3.4737499999999999,-0.20870404058409064
-3.4724999999999997,-0.2013845913333687
-3.4712499999999999,-0.19772486670800771
-3.4699999999999998,-0.19040541745728579
-3.46875,-0.1867456928319248
-3.4674999999999998,-0.17942624358120285
-3.4662499999999996,-0.1721067943304809
-3.4649999999999999,-0.16844706970511994
-3.4637499999999997,-0.16112762045439799
-3.4624999999999999,-0.157467895829037
-3.4612499999999997,-0.15014844657831508
-3.46,-0.14648872195295409
-3.4587499999999998,-0.13916927270223214
-3.4575,-0.13550954807687118
-3.4562499999999998,-0.1318498234515102
-3.4549999999999996,-0.12453037420078826
-3.4537499999999999,-0.12087064957542729
-3.4524999999999997,-0.11355120032470534
-3.4512499999999999,-0.10989147569934436
-3.4499999999999997,-0.10623175107398339
-3.44875,-0.10257202644862241
-3.4474999999999998,-0.098912301823261439
-3.4462499999999996,-0.098912301823261439
-3.4449999999999998,-0.095252577197900479
-3.4437499999999996,-0.091592852572539504
-3.4424999999999999,-0.091592852572539504
-3.4412499999999997,-0.091592852572539504
-3.4399999999999999,-0.08793312794717853
-3.4387499999999998,-0.08793312794717853
-3.4375,-0.08793312794717853
-3.4362499999999998,-0.091592852572539504
-3.4349999999999996,-0.091592852572539504
-3.4337499999999999,-0.095252577197900479
-3.4324999999999997,-0.095252577197900479
-3.4312499999999999,-0.098912301823261439
-3.4299999999999997,-0.10257202644862241
-3.42875,-0.10989147569934436
-3.4274999999999998,-0.11355120032470534
-3.42625,-0.11721092495006631
-3.4249999999999998,-0.12453037420078826
-3.4237499999999996,-0.1318498234515102
-3.4224999999999999,-0.13916927270223214
-3.4212499999999997,-0.14648872195295409
-3.4199999999999999,-0.15380817120367604
-3.4187499999999997,-0.16112762045439799
-3.4175,-0.1721067943304809
-3.4162499999999998,-0.18308596820656384
-3.4149999999999996,-0.19406514208264675
-3.4137499999999998,-0.2013845913333687
-3.4124999999999996,-0.2123637652094516
-3.4112499999999999,-0.22334293908553454
-3.4099999999999997,-0.23432211296161745
-3.4087499999999999,-0.24530128683770036
-3.4074999999999998,-0.25994018533914426
-3.40625,-0.2709193592152272
-3.4049999999999998,-0.28189853309131008
-3.4037499999999996,-0.29287770696739301
-3.4024999999999999,-0.30019715621811499
-3.4012499999999997,-0.31117633009419787
-3.3999999999999999,-0.32215550397028081
-3.3987499999999997,-0.33313467784636375
-3.3975,-0.34045412709708567
-3.3962499999999998,-0.35143330097316861
-3.395,-0.36241247484925149
-3.3937499999999998,-0.36973192409997346
-3.3924999999999996,-0.37705137335069538
-3.3912499999999999,-0.38437082260141736
-3.3899999999999997,-0.38803054722677832
-3.3887499999999999,-0.39534999647750024
-3.3874999999999997,-0.39900972110286126
-3.38625,-0.40632917035358318
-3.3849999999999998,-0.40998889497894414
-3.3837499999999996,-0.41364861960430516
-3.3824999999999998,-0.41730834422966612
-3.3812499999999996,-0.42096806885502708
-3.3799999999999999,-0.42462779348038804
-3.3787499999999997,-0.42462779348038804
-3.3774999999999999,-0.42828751810574905
-3.3762499999999998,-0.42828751810574905
-3.375,-0.43194724273111001
-3.3737499999999998,-0.43194724273111001
-3.3724999999999996,-0.43194724273111001
-3.3712499999999999,-0.43194724273111001
-3.3699999999999997,-0.42828751810574905
-3.3687499999999999,-0.42828751810574905
-3.3674999999999997,-0.42828751810574905
-3.36625,-0.42462779348038804
-3.3649999999999998,-0.42462779348038804
-3.36375,-0.42096806885502708
-3.3624999999999998,-0.41730834422966612
-3.3612499999999996,-0.41730834422966612
-3.3599999999999999,-0.41364861960430516
-3.3587499999999997,-0.40998889497894414
-3.3574999999999999,-0.40632917035358318
-3.3562499999999997,-0.40266944572822222
-3.355,-0.39900972110286126
-3.3537499999999998,-0.39534999647750024
-3.3524999999999996,-0.39169027185213928
-3.3512499999999998,-0.38803054722677832
-3.3499999999999996,-0.38437082260141736
-3.3487499999999999,-0.37705137335069538
-3.3474999999999997,-0.37705137335069538
-3.3462499999999999,-0.37339164872533442
-3.3449999999999998,-0.3660721994746125
-3.34375,-0.36241247484925149
-3.3424999999999998,-0.35875275022389053
-3.3412499999999996,-0.35509302559852957
-3.3399999999999999,-0.34777357634780764
-3.3387499999999997,-0.34411385172244663
-3.3374999999999999,-0.34045412709708567
-3.3362499999999997,-0.33313467784636375
-3.335,-0.32947495322100273
-3.3337499999999998,-0.32581522859564177
-3.3325,-0.32215550397028081
-3.3312499999999998,-0.31483605471955883
-3.3299999999999996,-0.31117633009419787
-3.3287499999999999,-0.30751660546883691
-3.3274999999999997,-0.30385688084347595
-3.3262499999999999,-0.30019715621811499
-3.3249999999999997,-0.29653743159275398
-3.32375,-0.28921798234203205
-3.3224999999999998,-0.28555825771667109
-3.3212499999999996,-0.28189853309131008
-3.3199999999999998,-0.27823880846594912
-3.3187499999999996,-0.2709193592152272
-3.3174999999999999,-0.26725963458986624
-3.3162499999999997,-0.26359990996450522
-3.3149999999999999,-0.25994018533914426
-3.3137499999999998,-0.2562804607137833
-3.3125,-0.25262073608842234
-3.3112499999999998,-0.24896101146306135
-3.3099999999999996,-0.24530128683770036
-3.3087499999999999,-0.2416415622123394
-3.3074999999999997,-0.23798183758697841
-3.3062499999999999,-0.23432211296161745
-3.3049999999999997,-0.23066238833625649
-3.30375,-0.22334293908553454
-3.3024999999999998,-0.21968321446017355
-3.30125,-0.21602348983481259
-3.2999999999999998,-0.21602348983481259
-3.2987499999999996,-0.2123637652094516
-3.2974999999999999,-0.20870404058409064
-3.2962499999999997,-0.20504431595872966
-3.2949999999999999,-0.20504431595872966
-3.2937499999999997,-0.2013845913333687
-3.2925,-0.19772486670800771
-3.2912499999999998,-0.19772486670800771
-3.2899999999999996,-0.19406514208264675
-3.2887499999999998,-0.19040541745728579
-3.2874999999999996,-0.1867456928319248
-3.2862499999999999,-0.1867456928319248
-3.2849999999999997,-0.18308596820656384
-3.2837499999999999,-0.17942624358120285
-3.2824999999999998,-0.17942624358120285
-3.28125,-0.17576651895584189
-3.2799999999999998,-0.17576651895584189
-3.2787499999999996,-0.1721067943304809
-3.2774999999999999,-0.1721067943304809
-3.2762499999999997,-0.16844706970511994
-3.2749999999999999,-0.16478734507975895
-3.2737499999999997,-0.16478734507975895
-3.2725,-0.16112762045439799
-3.2712499999999998,-0.157467895829037
-3.27,-0.15380817120367604
-3.2687499999999998,-0.15014844657831508
-3.2674999999999996,-0.15014844657831508
-3.2662499999999999,-0.14648872195295409
-3.2649999999999997,-0.14282899732759313
-3.2637499999999999,-0.13916927270223214
-3.2624999999999997,-0.13916927270223214
-3.26125,-0.13550954807687118
-3.2599999999999998,-0.1318498234515102
-3.2587499999999996,-0.12819009882614923
-3.2574999999999998,-0.12453037420078826
-3.2562499999999996,-0.12453037420078826
-3.2549999999999999,-0.11721092495006631
-3.2537499999999997,-0.11721092495006631
-3.2524999999999999,-0.11355120032470534
-3.2512499999999998,-0.10989147569934436
-3.25,-0.10623175107398339
-3.2487499999999998,-0.10257202644862241
-3.2474999999999996,-0.098912301823261439
-3.2462499999999999,-0.095252577197900479
-3.2449999999999997,-0.095252577197900479
-3.2437499999999999,-0.091592852572539504
-3.2424999999999997,-0.08793312794717853
-3.24125,-0.084273403321817555
-3.2399999999999998,-0.084273403321817555
-3.23875,-0.080613678696456581
-3.2374999999999998,-0.076953954071095607
-3.2362499999999996,-0.073294229445734632
-3.2349999999999999,-0.073294229445734632
-3.2337499999999997,-0.069634504820373658
-3.2324999999999999,-0.065974780195012683
-3.2312499999999997,-0.065974780195012683
-3.23,-0.065974780195012683
-3.2287499999999998,-0.062315055569651716
-3.2274999999999996,-0.058655330944290741
-3.2262499999999998,-0.058655330944290741
-3.2249999999999996,-0.058655330944290741
-3.2237499999999999,-0.054995606318929767
-3.2224999999999997,-0.054995606318929767
-3.2212499999999999,-0.051335881693568793
-3.2199999999999998,-0.051335881693568793
-3.21875,-0.047676157068207825
-3.2174999999999998,-0.047676157068207825
-3.2162499999999996,-0.044016432442846851
-3.2149999999999999,-0.044016432442846851
-3.2137499999999997,-0.044016432442846851
-3.2124999999999999,-0.040356707817485876
-3.2112499999999997,-0.040356707817485876
-3.21,-0.036696983192124902
-3.2087499999999998,-0.036696983192124902
-3.2075,-0.036696983192124902
-3.2062499999999998,-0.033037258566763927
-3.2049999999999996,-0.033037258566763927
-3.2037499999999999,-0.033037258566763927
-3.2024999999999997,-0.029377533941402956
-3.2012499999999999,-0.029377533941402956
-3.1999999999999997,-0.025717809316041982
-3.19875,-0.025717809316041982
-3.1974999999999998,-0.025717809316041982
-3.1962499999999996,-0.025717809316041982
-3.1949999999999998,-0.022058084690681011
-3.1937499999999996,-0.022058084690681011
-3.1924999999999999,-0.022058084690681011
-3.1912499999999997,-0.022058084690681011
-3.1899999999999999,-0.018398360065320037
-3.1887499999999998,-0.018398360065320037
-3.1875,-0.018398360065320037
-3.1862499999999998,-0.014738635439959064
-3.1849999999999996,-0.014738635439959064
-3.1837499999999999,-0.014738635439959064
-3.1824999999999997,-0.014738635439959064
-3.1812499999999999,-0.014738635439959064
-3.1799999999999997,-0.011078910814598091
-3.17875,-0.011078910814598091
-3.1774999999999998,-0.011078910814598091
-3.17625,-0.011078910814598091
-3.1749999999999998,-0.011078910814598091
-3.1737499999999996,-0.011078910814598091
-3.1724999999999999,-0.011078910814598091
-3.1712499999999997,-0.011078910814598091
-3.1699999999999999,-0.0074191861892371177
-3.1687499999999997,-0.0074191861892371177
-3.1675,-0.0074191861892371177
-3.1662499999999998,-0.0074191861892371177
-3.1649999999999996,-0.0074191861892371177
-3.1637499999999998,-0.0074191861892371177
-3.1624999999999996,-0.0074191861892371177
-3.1612499999999999,-0.0074191861892371177
-3.1599999999999997,-0.0074191861892371177
-3.1587499999999999,-0.011078910814598091
-3.1574999999999998,-0.011078910814598091
-3.15625,-0.011078910814598091
-3.1549999999999998,-0.011078910814598091
-3.1537499999999996,-0.011078910814598091
-3.1524999999999999,-0.014738635439959064
-3.1512499999999997,-0.014738635439959064
-3.1499999999999999,-0.014738635439959064
-3.1487499999999997,-0.014738635439959064
-3.1475,-0.018398360065320037
-3.1462499999999998,-0.018398360065320037
-3.145,-0.022058084690681011
-3.1437499999999998,-0.022058084690681011
-3.1424999999999996,-0.025717809316041982
-3.1412499999999999,-0.025717809316041982
-3.1399999999999997,-0.029377533941402956
-3.1387499999999999,-0.033037258566763927
-3.1374999999999997,-0.033037258566763927
-3.13625,-0.033037258566763927
-3.1349999999999998,-0.036696983192124902
-3.1337499999999996,-0.040356707817485876
-3.1324999999999998,-0.040356707817485876
-3.1312499999999996,-0.044016432442846851
-3.1299999999999999,-0.047676157068207825
-3.1287499999999997,-0.051335881693568793
-3.1274999999999999,-0.054995606318929767
-3.1262499999999998,-0.058655330944290741
-3.125,-0.058655330944290741
-3.1237499999999998,-0.062315055569651716
-3.1224999999999996,-0.065974780195012683
-3.1212499999999999,-0.069634504820373658
-3.1199999999999997,-0.073294229445734632
-3.1187499999999999,-0.073294229445734632
-3.1174999999999997,-0.076953954071095607
-3.11625,-0.080613678696456581
-3.1149999999999998,-0.084273403321817555
-3.11375,-0.08793312794717853
-3.1124999999999998,-0.091592852572539504
-3.1112499999999996,-0.095252577197900479
-3.1099999999999999,-0.098912301823261439
-3.1087499999999997,-0.10257202644862241
-3.1074999999999999,-0.10989147569934436
-3.1062499999999997,-0.11355120032470534
-3.105,-0.11721092495006631
-3.1037499999999998,-0.11721092495006631
-3.1024999999999996,-0.12087064957542729
-3.1012499999999998,-0.12453037420078826
-3.0999999999999996,-0.12819009882614923
-3.0987499999999999,-0.1318498234515102
-3.0974999999999997,-0.13550954807687118
-3.0962499999999999,-0.13916927270223214
-3.0949999999999998,-0.14648872195295409
-3.09375,-0.15014844657831508
-3.0924999999999998,-0.15380817120367604
-3.0912499999999996,-0.157467895829037
-3.0899999999999999,-0.16112762045439799
-3.0887499999999997,-0.16478734507975895
-3.0874999999999999,-0.16844706970511994
-3.0862499999999997,-0.17576651895584189
-3.085,-0.17942624358120285
-3.0837499999999998,-0.18308596820656384
-3.0825,-0.1867456928319248
-3.0812499999999998,-0.19040541745728579
-3.0799999999999996,-0.19772486670800771
-3.0787499999999999,-0.2013845913333687
-3.0774999999999997,-0.20504431595872966
-3.0762499999999999,-0.20870404058409064
-3.0749999999999997,-0.21602348983481259
-3.07375,-0.21968321446017355
-3.0724999999999998,-0.22334293908553454
-3.0712499999999996,-0.2270026637108955
-3.0699999999999998,-0.23066238833625649
-3.0687499999999996,-0.23432211296161745
-3.0674999999999999,-0.2416415622123394
-3.0662499999999997,-0.24530128683770036
-3.0649999999999999,-0.24896101146306135
-3.0637499999999998,-0.25262073608842234
-3.0625,-0.2562804607137833
-3.0612499999999998,-0.25994018533914426
-3.0599999999999996,-0.26359990996450522
-3.0587499999999999,-0.2709193592152272
-3.0574999999999997,-0.2709193592152272
-3.0562499999999999,-0.27457908384058816
-3.0549999999999997,-0.27823880846594912
-3.05375,-0.28189853309131008
-3.0524999999999998,-0.28555825771667109
-3.05125,-0.28555825771667109
-3.0499999999999998,-0.28921798234203205
-3.0487499999999996,-0.29287770696739301
-3.0474999999999999,-0.29653743159275398
-3.0462499999999997,-0.30019715621811499
-3.0449999999999999,-0.30019715621811499
-3.0437499999999997,-0.30385688084347595
-3.0425,-0.30751660546883691
-3.0412499999999998,-0.30751660546883691
-3.0399999999999996,-0.31117633009419787
-3.0387499999999998,-0.31483605471955883
-3.0374999999999996,-0.31483605471955883
-3.0362499999999999,-0.31849577934491985
-3.0349999999999997,-0.31849577934491985
-3.0337499999999999,-0.31849577934491985
-3.0324999999999998,-0.32215550397028081
-3.03125,-0.32215550397028081
-3.0299999999999998,-0.32215550397028081
-3.0287499999999996,-0.32581522859564177
-3.0274999999999999,-0.32581522859564177
-3.0262499999999997,-0.32581522859564177
-3.0249999999999999,-0.32581522859564177
-3.0237499999999997,-0.32581522859564177
-3.0225,-0.32581522859564177
-3.0212499999999998,-0.32947495322100273
-3.02,-0.32947495322100273
-3.0187499999999998,-0.32947495322100273
-3.0174999999999996,-0.32947495322100273
-3.0162499999999999,-0.32947495322100273
-3.0149999999999997,-0.32947495322100273
-3.0137499999999999,-0.32947495322100273
-3.0124999999999997,-0.32947495322100273
-3.01125,-0.32947495322100273
-3.0099999999999998,-0.33313467784636375
-3.0087499999999996,-0.33313467784636375
-3.0074999999999998,-0.33313467784636375
-3.0062499999999996,-0.33313467784636375
-3.0049999999999999,-0.33313467784636375
-3.0037499999999997,-0.33313467784636375
-3.0024999999999999,-0.33313467784636375
-3.0012499999999998,-0.33313467784636375
-3,-0.33679440247172471
-2.9987499999999998,-0.33679440247172471
-2.9974999999999996,-0.33679440247172471
-2.9962499999999999,-0.34045412709708567
-2.9949999999999997,-0.34045412709708567
-2.9937499999999999,-0.34045412709708567
-2.9924999999999997,-0.34411385172244663
-2.99125,-0.34411385172244663
-2.9899999999999998,-0.34411385172244663
-2.98875,-0.34411385172244663
-2.9874999999999998,-0.34777357634780764
-2.9862499999999996,-0.34777357634780764
-2.9849999999999999,-0.34777357634780764
-2.9837499999999997,-0.34777357634780764
-2.9824999999999999,-0.35143330097316861
-2.9812499999999997,-0.35143330097316861
-2.98,-0.35143330097316861
-2.9787499999999998,-0.35509302559852957
-2.9774999999999996,-0.35509302559852957
-2.9762499999999998,-0.35509302559852957
-2.9749999999999996,-0.35509302559852957
-2.9737499999999999,-0.35509302559852957
-2.9724999999999997,-0.35509302559852957
-2.9712499999999999,-0.35509302559852957
-2.9699999999999998,-0.35143330097316861
-2.96875,-0.35143330097316861
-2.9674999999999998,-0.35143330097316861
-2.9662499999999996,-0.34777357634780764
-2.9649999999999999,-0.34777357634780764
-2.9637499999999997,-0.34411385172244663
-2.9624999999999999,-0.34411385172244663
-2.9612499999999997,-0.34045412709708567
-2.96,-0.34045412709708567
-2.9587499999999998,-0.33679440247172471
-2.9575,-0.33313467784636375
-2.9562499999999998,-0.32947495322100273
-2.9549999999999996,-0.32581522859564177
-2.9537499999999999,-0.31849577934491985
-2.9524999999999997,-0.31483605471955883
-2.9512499999999999,-0.30751660546883691
-2.9499999999999997,-0.30385688084347595
-2.94875,-0.29653743159275398
-2.9474999999999998,-0.29287770696739301
-2.9462499999999996,-0.28555825771667109
-2.9449999999999998,-0.27823880846594912
-2.9437499999999996,-0.2709193592152272
-2.9424999999999999,-0.26359990996450522
-2.9412499999999997,-0.2562804607137833
-2.9399999999999999,-0.24896101146306135
-2.9387499999999998,-0.2416415622123394
-2.9375,-0.23432211296161745
-2.9362499999999998,-0.2270026637108955
-2.9349999999999996,-0.21602348983481259
-2.9337499999999999,-0.20870404058409064
-2.9324999999999997,-0.2013845913333687
-2.9312499999999999,-0.19406514208264675
-2.9299999999999997,-0.1867456928319248
-2.92875,-0.17942624358120285
-2.9274999999999998,-0.1721067943304809
-2.92625,-0.16478734507975895
-2.9249999999999998,-0.157467895829037
-2.9237499999999996,-0.15014844657831508
-2.9224999999999999,-0.14282899732759313
-2.9212499999999997,-0.13916927270223214
-2.9199999999999999,-0.1318498234515102
-2.9187499999999997,-0.12453037420078826
-2.9175,-0.12087064957542729
-2.9162499999999998,-0.11355120032470534
-2.9149999999999996,-0.10989147569934436
-2.9137499999999998,-0.10623175107398339
-2.9124999999999996,-0.098912301823261439
-2.9112499999999999,-0.095252577197900479
-2.9099999999999997,-0.091592852572539504
-2.9087499999999999,-0.08793312794717853
-2.9074999999999998,-0.084273403321817555
-2.90625,-0.080613678696456581
-2.9049999999999998,-0.080613678696456581
-2.9037499999999996,-0.076953954071095607
-2.9024999999999999,-0.073294229445734632
-2.9012499999999997,-0.073294229445734632
-2.8999999999999999,-0.073294229445734632
-2.8987499999999997,-0.069634504820373658
-2.8975,-0.073294229445734632
-2.8962499999999998,-0.073294229445734632
-2.895,-0.073294229445734632
-2.8937499999999998,-0.073294229445734632
-2.8924999999999996,-0.076953954071095607
-2.8912499999999999,-0.076953954071095607
-2.8899999999999997,-0.080613678696456581
-2.8887499999999999,-0.080613678696456581
-2.8874999999999997,-0.084273403321817555
-2.88625,-0.084273403321817555
-2.8849999999999998,-0.08793312794717853
-2.8837499999999996,-0.091592852572539504
-2.8824999999999998,-0.095252577197900479
-2.8812499999999996,-0.098912301823261439
-2.8799999999999999,-0.10257202644862241
-2.8787499999999997,-0.10623175107398339
-2.8774999999999999,-0.10989147569934436
-2.8762499999999998,-0.11355120032470534
-2.875,-0.12087064957542729
-2.8737499999999998,-0.12453037420078826
-2.8724999999999996,-0.12819009882614923
-2.8712499999999999,-0.13550954807687118
-2.8699999999999997,-0.13916927270223214
-2.8687499999999999,-0.14648872195295409
-2.8674999999999997,-0.15014844657831508
-2.86625,-0.157467895829037
-2.8649999999999998,-0.16478734507975895
-2.86375,-0.1721067943304809
-2.8624999999999998,-0.17576651895584189
-2.8612499999999996,-0.18308596820656384
-2.8599999999999999,-0.19040541745728579
-2.8587499999999997,-0.19772486670800771
-2.8574999999999999,-0.20504431595872966
-2.8562499999999997,-0.20870404058409064
-2.855,-0.21602348983481259
-2.8537499999999998,-0.22334293908553454
-2.8524999999999996,-0.23066238833625649
-2.8512499999999998,-0.23432211296161745
-2.8499999999999996,-0.2416415622123394
-2.8487499999999999,-0.24896101146306135
-2.8474999999999997,-0.25262073608842234
-2.8462499999999999,-0.25994018533914426
-2.8449999999999998,-0.26359990996450522
-2.84375,-0.26725963458986624
-2.8424999999999998,-0.27457908384058816
-2.8412499999999996,-0.27823880846594912
-2.8399999999999999,-0.28189853309131008
-2.8387499999999997,-0.28555825771667109
-2.8374999999999999,-0.28921798234203205
-2.8362499999999997,-0.29287770696739301
-2.835,-0.29653743159275398
-2.8337499999999998,-0.30019715621811499
-2.8325,-0.30385688084347595
-2.8312499999999998,-0.30385688084347595
-2.8299999999999996,-0.30751660546883691
-2.8287499999999999,-0.31117633009419787
-2.8274999999999997,-0.31483605471955883
-2.8262499999999999,-0.31483605471955883
-2.8249999999999997,-0.31849577934491985
-2.82375,-0.32215550397028081
-2.8224999999999998,-0.32215550397028081
-2.8212499999999996,-0.32215550397028081
-2.8199999999999998,-0.32215550397028081
-2.8187499999999996,-0.32581522859564177
-2.8174999999999999,-0.32581522859564177
-2.8162499999999997,-0.32581522859564177
-2.8149999999999999,-0.32581522859564177
-2.8137499999999998,-0.32581522859564177
-2.8125,-0.32581522859564177
-2.8112499999999998,-0.32581522859564177
-2.8099999999999996,-0.32581522859564177
-2.8087499999999999,-0.32581522859564177
-2.8074999999999997,-0.32581522859564177
-2.8062499999999999,-0.32581522859564177
-2.8049999999999997,-0.32581522859564177
-2.80375,-0.32215550397028081
-2.8024999999999998,-0.32215550397028081
-2.80125,-0.32215550397028081
-2.7999999999999998,-0.31849577934491985
-2.7987499999999996,-0.31849577934491985
-2.7974999999999999,-0.31849577934491985
-2.7962499999999997,-0.31849577934491985
-2.7949999999999999,-0.31483605471955883
-2.7937499999999997,-0.31483605471955883
-2.7925,-0.31483605471955883
-2.7912499999999998,-0.31117633009419787
-2.7899999999999996,-0.31117633009419787
-2.7887499999999998,-0.31117633009419787
-2.7874999999999996,-0.30751660546883691
-2.7862499999999999,-0.30751660546883691
-2.7849999999999997,-0.30385688084347595
-2.7837499999999999,-0.30385688084347595
-2.7824999999999998,-0.30019715621811499
-2.78125,-0.30019715621811499
-2.7799999999999998,-0.29653743159275398
-2.7787499999999996,-0.29653743159275398
-2.7774999999999999,-0.29287770696739301
-2.7762499999999997,-0.29287770696739301
-2.7749999999999999,-0.28921798234203205
-2.7737499999999997,-0.28921798234203205
-2.7725,-0.28555825771667109
-2.7712499999999998,-0.28555825771667109
-2.77,-0.28189853309131008
-2.7687499999999998,-0.28189853309131008
-2.7674999999999996,-0.28189853309131008
-2.7662499999999999,-0.27823880846594912
-2.7649999999999997,-0.27823880846594912
-2.7637499999999999,-0.27457908384058816
-2.7624999999999997,-0.27457908384058816
-2.76125,-0.27457908384058816
-2.7599999999999998,-0.2709193592152272
-2.7587499999999996,-0.2709193592152272
-2.7574999999999998,-0.26725963458986624
-2.7562499999999996,-0.26725963458986624
-2.7549999999999999,-0.26725963458986624
-2.7537499999999997,-0.26359990996450522
-2.7524999999999999,-0.26359990996450522
-2.7512499999999998,-0.26359990996450522
-2.75,-0.25994018533914426
-2.7487499999999998,-0.25994018533914426
-2.7474999999999996,-0.25994018533914426
-2.7462499999999999,-0.2562804607137833
-2.7449999999999997,-0.2562804607137833
-2.7437499999999999,-0.2562804607137833
-2.7424999999999997,-0.2562804607137833
-2.74125,-0.25262073608842234
-2.7399999999999998,-0.25262073608842234
-2.73875,-0.25262073608842234
-2.7374999999999998,-0.25262073608842234
-2.7362499999999996,-0.25262073608842234
-2.7349999999999999,-0.25262073608842234
-2.7337499999999997,-0.25262073608842234
-2.7324999999999999,-0.25262073608842234
-2.7312499999999997,-0.25262073608842234
-2.73,-0.25262073608842234
-2.7287499999999998,-0.25262073608842234
-2.7274999999999996,-0.25262073608842234
-2.7262499999999998,-0.2562804607137833
-2.7249999999999996,-0.2562804607137833
-2.7237499999999999,-0.2562804607137833
-2.7224999999999997,-0.25994018533914426
-2.7212499999999999,-0.25994018533914426
-2.7199999999999998,-0.25994018533914426
-2.71875,-0.25994018533914426
-2.7174999999999998,-0.25994018533914426
-2.7162499999999996,-0.26359990996450522
-2.7149999999999999,-0.26359990996450522
-2.7137499999999997,-0.26359990996450522
-2.7124999999999999,-0.26725963458986624
-2.7112499999999997,-0.26725963458986624
-2.71,-0.2709193592152272
-2.7087499999999998,-0.2709193592152272
-2.7075,-0.2709193592152272
-2.7062499999999998,-0.2709193592152272
-2.7049999999999996,-0.2709193592152272
-2.7037499999999999,-0.2709193592152272
-2.7024999999999997,-0.2709193592152272
-2.7012499999999999,-0.2709193592152272
-2.6999999999999997,-0.27457908384058816
-2.69875,-0.2709193592152272
-2.6974999999999998,-0.27457908384058816
-2.6962499999999996,-0.2709193592152272
-2.6949999999999998,-0.27457908384058816
-2.6937499999999996,-0.27457908384058816
-2.6924999999999999,-0.2709193592152272
-2.6912499999999997,-0.2709193592152272
-2.6899999999999999,-0.2709193592152272
-2.6887499999999998,-0.2709193592152272
-2.6875,-0.2709193592152272
-2.6862499999999998,-0.26725963458986624
-2.6849999999999996,-0.26725963458986624
-2.6837499999999999,-0.26359990996450522
-2.6824999999999997,-0.26359990996450522
-2.6812499999999999,-0.26359990996450522
-2.6799999999999997,-0.25994018533914426
-2.67875,-0.25994018533914426
-2.6774999999999998,-0.25994018533914426
-2.67625,-0.2562804607137833
-2.6749999999999998,-0.2562804607137833
-2.6737499999999996,-0.2562804607137833
-2.6724999999999999,-0.25262073608842234
-2.6712499999999997,-0.25262073608842234
-2.6699999999999999,-0.24896101146306135
-2.6687499999999997,-0.24896101146306135
-2.6675,-0.24530128683770036
-2.6662499999999998,-0.24530128683770036
-2.6649999999999996,-0.2416415622123394
-2.6637499999999998,-0.2416415622123394
-2.6624999999999996,-0.2416415622123394
-2.6612499999999999,-0.2416415622123394
-2.6599999999999997,-0.23798183758697841
-2.6587499999999999,-0.23798183758697841
-2.6574999999999998,-0.23798183758697841
-2.65625,-0.23432211296161745
-2.6549999999999998,-0.23432211296161745
-2.6537499999999996,-0.23432211296161745
-2.6524999999999999,-0.23432211296161745
-2.6512499999999997,-0.23066238833625649
-2.6499999999999999,-0.23066238833625649
-2.6487499999999997,-0.23066238833625649
-2.6475,-0.23066238833625649
-2.6462499999999998,-0.23066238833625649
-2.645,-0.23066238833625649
-2.6437499999999998,-0.23066238833625649
-2.6424999999999996,-0.23066238833625649
-2.6412499999999999,-0.23066238833625649
-2.6399999999999997,-0.23432211296161745
-2.6387499999999999,-0.23432211296161745
-2.6374999999999997,-0.23432211296161745
-2.63625,-0.23432211296161745
-2.6349999999999998,-0.23432211296161745
-2.6337499999999996,-0.23432211296161745
-2.6324999999999998,-0.23432211296161745
-2.6312499999999996,-0.23432211296161745
-2.6299999999999999,-0.23066238833625649
-2.6287499999999997,-0.23066238833625649
-2.6274999999999999,-0.23066238833625649
-2.6262499999999998,-0.23066238833625649
-2.625,-0.23066238833625649
-2.6237499999999998,-0.2270026637108955
-2.6224999999999996,-0.2270026637108955
-2.6212499999999999,-0.22334293908553454
-2.6199999999999997,-0.22334293908553454
-2.6187499999999999,-0.21968321446017355
-2.6174999999999997,-0.21968321446017355
-2.61625,-0.21602348983481259
-2.6149999999999998,-0.2123637652094516
-2.61375,-0.2123637652094516
-2.6124999999999998,-0.20870404058409064
-2.6112499999999996,-0.20504431595872966
-2.6099999999999999,-0.2013845913333687
-2.6087499999999997,-0.19772486670800771
-2.6074999999999999,-0.19406514208264675
-2.6062499999999997,-0.19040541745728579
-2.605,-0.18308596820656384
-2.6037499999999998,-0.17942624358120285
-2.6024999999999996,-0.1721067943304809
-2.6012499999999998,-0.16844706970511994
-2.5999999999999996,-0.16478734507975895
-2.5987499999999999,-0.157467895829037
-2.5974999999999997,-0.15380817120367604
-2.5962499999999999,-0.14648872195295409
-2.5949999999999998,-0.14282899732759313
-2.59375,-0.13916927270223214
-2.5924999999999998,-0.1318498234515102
-2.5912499999999996,-0.12819009882614923
-2.5899999999999999,-0.12087064957542729
-2.5887499999999997,-0.11721092495006631
-2.5874999999999999,-0.10989147569934436
-2.5862499999999997,-0.10257202644862241
-2.585,-0.098912301823261439
-2.5837499999999998,-0.095252577197900479
-2.5825,-0.08793312794717853
-2.5812499999999998,-0.084273403321817555
-2.5799999999999996,-0.080613678696456581
-2.5787499999999999,-0.073294229445734632
-2.5774999999999997,-0.069634504820373658
-2.5762499999999999,-0.065974780195012683
-2.5749999999999997,-0.058655330944290741
-2.57375,-0.054995606318929767
-2.5724999999999998,-0.051335881693568793
-2.5712499999999996,-0.047676157068207825
-2.5699999999999998,-0.044016432442846851
-2.5687499999999996,-0.040356707817485876
-2.5674999999999999,-0.036696983192124902
-2.5662499999999997,-0.036696983192124902
-2.5649999999999999,-0.033037258566763927
-2.5637499999999998,-0.029377533941402956
-2.5625,-0.029377533941402956
-2.5612499999999998,-0.029377533941402956
-2.5599999999999996,-0.025717809316041982
-2.5587499999999999,-0.025717809316041982
-2.5574999999999997,-0.025717809316041982
-2.5562499999999999,-0.025717809316041982
-2.5549999999999997,-0.025717809316041982
-2.55375,-0.025717809316041982
-2.5524999999999998,-0.025717809316041982
-2.55125,-0.025717809316041982
-2.5499999999999998,-0.025717809316041982
-2.5487499999999996,-0.029377533941402956
-2.5474999999999999,-0.029377533941402956
-2.5462499999999997,-0.029377533941402956
-2.5449999999999999,-0.033037258566763927
-2.5437499999999997,-0.036696983192124902
-2.5425,-0.040356707817485876
-2.5412499999999998,-0.040356707817485876
-2.5399999999999996,-0.044016432442846851
-2.5387499999999998,-0.047676157068207825
-2.5374999999999996,-0.051335881693568793
-2.5362499999999999,-0.058655330944290741
-2.5349999999999997,-0.062315055569651716
-2.5337499999999999,-0.065974780195012683
-2.5324999999999998,-0.069634504820373658
-2.53125,-0.076953954071095607
-2.5299999999999998,-0.080613678696456581
-2.5287499999999996,-0.08793312794717853
-2.5274999999999999,-0.091592852572539504
-2.5262499999999997,-0.098912301823261439
-2.5249999999999999,-0.10623175107398339
-2.5237499999999997,-0.10989147569934436
-2.5225,-0.11721092495006631
-2.5212499999999998,-0.12453037420078826
-2.52,-0.12819009882614923
-2.5187499999999998,-0.13550954807687118
-2.5174999999999996,-0.14282899732759313
-2.5162499999999999,-0.15014844657831508
-2.5149999999999997,-0.15380817120367604
-2.5137499999999999,-0.16112762045439799
-2.5124999999999997,-0.16844706970511994
-2.51125,-0.17576651895584189
-2.5099999999999998,-0.18308596820656384
-2.5087499999999996,-0.19040541745728579
-2.5074999999999998,-0.19406514208264675
-2.5062499999999996,-0.2013845913333687
-2.5049999999999999,-0.20870404058409064
-2.5037499999999997,-0.2123637652094516
-2.5024999999999999,-0.21968321446017355
-2.5012499999999998,-0.22334293908553454
-2.5,-0.23066238833625649
-2.4987499999999998,-0.23798183758697841
-2.4974999999999996,-0.2416415622123394
-2.4962499999999999,-0.24896101146306135
-2.4949999999999997,-0.2562804607137833
-2.4937499999999999,-0.25994018533914426
-2.4924999999999997,-0.26725963458986624
-2.49125,-0.2709193592152272
-2.4899999999999998,-0.27457908384058816
-2.48875,-0.27823880846594912
-2.4874999999999998,-0.28555825771667109
-2.4862499999999996,-0.28921798234203205
-2.4849999999999999,-0.29287770696739301
-2.4837499999999997,-0.29653743159275398
-2.4824999999999999,-0.30385688084347595
-2.4812499999999997,-0.30751660546883691
-2.48,-0.31117633009419787
-2.4787499999999998,-0.31483605471955883
-2.4774999999999996,-0.31849577934491985
-2.4762499999999998,-0.32581522859564177
-2.4749999999999996,-0.32581522859564177
-2.4737499999999999,-0.33313467784636375
-2.4724999999999997,-0.33679440247172471
-2.4712499999999999,-0.34045412709708567
-2.4699999999999998,-0.34411385172244663
-2.46875,-0.34777357634780764
-2.4674999999999998,-0.35143330097316861
-2.4662499999999996,-0.35509302559852957
-2.4649999999999999,-0.35875275022389053
-2.4637499999999997,-0.36241247484925149
-2.4624999999999999,-0.3660721994746125
-2.4612499999999997,-0.36973192409997346
-2.46,-0.37339164872533442
-2.4587499999999998,-0.37705137335069538
-2.4575,-0.3807110979760564
-2.4562499999999998,-0.38437082260141736
-2.4549999999999996,-0.38437082260141736
-2.4537499999999999,-0.38803054722677832
-2.4524999999999997,-0.38803054722677832
-2.4512499999999999,-0.39169027185213928
-2.4499999999999997,-0.39534999647750024
-2.44875,-0.39900972110286126
-2.4474999999999998,-0.39900972110286126
-2.4462499999999996,-0.40266944572822222
-2.4449999999999998,-0.40632917035358318
-2.4437499999999996,-0.40632917035358318
-2.4424999999999999,-0.40998889497894414
-2.4412499999999997,-0.41364861960430516
-2.4399999999999999,-0.41364861960430516
-2.4387499999999998,-0.41364861960430516
-2.4375,-0.41730834422966612
-2.4362499999999998,-0.41730834422966612
-2.4349999999999996,-0.41730834422966612
-2.4337499999999999,-0.41730834422966612
-2.4324999999999997,-0.41730834422966612
-2.4312499999999999,-0.41730834422966612
-2.4299999999999997,-0.41730834422966612
-2.42875,-0.41730834422966612
-2.4274999999999998,-0.41730834422966612
-2.42625,-0.41364861960430516
-2.4249999999999998,-0.41364861960430516
-2.4237499999999996,-0.41364861960430516
-2.4224999999999999,-0.40998889497894414
-2.4212499999999997,-0.40998889497894414
-2.4199999999999999,-0.40632917035358318
-2.4187499999999997,-0.40266944572822222
-2.4175,-0.39900972110286126
-2.4162499999999998,-0.39534999647750024
-2.4149999999999996,-0.39534999647750024
-2.4137499999999998,-0.39169027185213928
-2.4124999999999996,-0.38803054722677832
-2.4112499999999999,-0.38437082260141736
-2.4099999999999997,-0.3807110979760564
-2.4087499999999999,-0.37339164872533442
-2.4074999999999998,-0.36973192409997346
-2.40625,-0.3660721994746125
-2.4049999999999998,-0.36241247484925149
-2.4037499999999996,-0.35509302559852957
-2.4024999999999999,-0.34777357634780764
-2.4012499999999997,-0.34411385172244663
-2.3999999999999999,-0.33679440247172471
-2.3987499999999997,-0.32947495322100273
-2.3975,-0.32215550397028081
-2.3962499999999998,-0.31849577934491985
-2.395,-0.31117633009419787
-2.3937499999999998,-0.30385688084347595
-2.3924999999999996,-0.29653743159275398
-2.3912499999999999,-0.28921798234203205
-2.3899999999999997,-0.28189853309131008
-2.3887499999999999,-0.27457908384058816
-2.3874999999999997,-0.26725963458986624
-2.38625,-0.25994018533914426
-2.3849999999999998,-0.25262073608842234
-2.3837499999999996,-0.24530128683770036
-2.3824999999999998,-0.23798183758697841
-2.3812499999999996,-0.23066238833625649
-2.3799999999999999,-0.21968321446017355
-2.3787499999999997,-0.2123637652094516
-2.3774999999999999,-0.20504431595872966
-2.3762499999999998,-0.2013845913333687
-2.375,-0.19406514208264675
-2.3737499999999998,-0.1867456928319248
-2.3724999999999996,-0.17942624358120285
-2.3712499999999999,-0.1721067943304809
-2.3699999999999997,-0.16478734507975895
-2.3687499999999999,-0.157467895829037
-2.3674999999999997,-0.15014844657831508
-2.36625,-0.14282899732759313
-2.3649999999999998,-0.13916927270223214
-2.36375,-0.1318498234515102
-2.3624999999999998,-0.12819009882614923
-2.3612499999999996,-0.12087064957542729
-2.3599999999999999,-0.11721092495006631
-2.3587499999999997,-0.10989147569934436
-2.3574999999999999,-0.10257202644862241
-2.3562499999999997,-0.098912301823261439
-2.355,-0.095252577197900479
-2.3537499999999998,-0.08793312794717853
-2.3524999999999996,-0.084273403321817555
-2.3512499999999998,-0.080613678696456581
-2.3499999999999996,-0.073294229445734632
-2.3487499999999999,-0.069634504820373658
-2.3474999999999997,-0.065974780195012683
-2.3462499999999999,-0.062315055569651716
-2.3449999999999998,-0.058655330944290741
-2.34375,-0.054995606318929767
-2.3424999999999998,-0.047676157068207825
-2.3412499999999996,-0.044016432442846851
-2.3399999999999999,-0.040356707817485876
-2.3387499999999997,-0.036696983192124902
-2.3374999999999999,-0.033037258566763927
-2.3362499999999997,-0.025717809316041982
-2.335,-0.022058084690681011
-2.3337499999999998,-0.018398360065320037
-2.3325,-0.014738635439959064
-2.3312499999999998,-0.011078910814598091
-2.3299999999999996,-0.0074191861892371177
-2.3287499999999999,-9.9736938515171403e-05
-2.3274999999999997,0.0035599876868458017
-2.3262499999999999,0.0072197123122067748
-2.3249999999999997,0.010879436937567748
-2.32375,0.014539161562928721
-2.3224999999999998,0.018198886188289694
-2.3212499999999996,0.021858610813650668
-2.3199999999999998,0.025518335439011639
-2.3187499999999996,0.029178060064372614
-2.3174999999999999,0.032837784689733585
-2.3162499999999997,0.032837784689733585
-2.3149999999999999,0.036497509315094559
-2.3137499999999998,0.040157233940455533
-2.3125,0.040157233940455533
-2.3112499999999998,0.043816958565816508
-2.3099999999999996,0.043816958565816508
-2.3087499999999999,0.047476683191177482
-2.3074999999999997,0.047476683191177482
-2.3062499999999999,0.047476683191177482
-2.3049999999999997,0.05113640781653845
-2.30375,0.05113640781653845
-2.3024999999999998,0.05113640781653845
-2.30125,0.054796132441899424
-2.2999999999999998,0.054796132441899424
-2.2987499999999996,0.05113640781653845
-2.2974999999999999,0.05113640781653845
-2.2962499999999997,0.05113640781653845
-2.2949999999999999,0.05113640781653845
-2.2937499999999997,0.05113640781653845
-2.2925,0.047476683191177482
-2.2912499999999998,0.047476683191177482
-2.2899999999999996,0.043816958565816508
-2.2887499999999998,0.043816958565816508
-2.2874999999999996,0.040157233940455533
-2.2862499999999999,0.040157233940455533
-2.2849999999999997,0.036497509315094559
-2.2837499999999999,0.036497509315094559
-2.2824999999999998,0.032837784689733585
-2.28125,0.029178060064372614
-2.2799999999999998,0.025518335439011639
-2.2787499999999996,0.025518335439011639
-2.2774999999999999,0.021858610813650668
-2.2762499999999997,0.018198886188289694
-2.2749999999999999,0.014539161562928721
-2.2737499999999997,0.010879436937567748
-2.2725,0.0072197123122067748
-2.2712499999999998,0.0035599876868458017
-2.27,-0.0037594615638761445
-2.2687499999999998,-0.0074191861892371177
-2.2674999999999996,-0.011078910814598091
-2.2662499999999999,-0.018398360065320037
-2.2649999999999997,-0.022058084690681011
-2.2637499999999999,-0.025717809316041982
-2.2624999999999997,-0.033037258566763927
-2.26125,-0.036696983192124902
-2.2599999999999998,-0.044016432442846851
-2.2587499999999996,-0.047676157068207825
-2.2574999999999998,-0.054995606318929767
-2.2562499999999996,-0.062315055569651716
-2.2549999999999999,-0.065974780195012683
-2.2537499999999997,-0.073294229445734632
-2.2524999999999999,-0.076953954071095607
-2.2512499999999998,-0.084273403321817555
-2.25,-0.08793312794717853
-2.2487499999999998,-0.095252577197900479
-2.2474999999999996,-0.10257202644862241
-2.2462499999999999,-0.10989147569934436
-2.2449999999999997,-0.11355120032470534
-2.2437499999999999,-0.12087064957542729
-2.2424999999999997,-0.12453037420078826
-2.24125,-0.1318498234515102
-2.2399999999999998,-0.13916927270223214
-2.23875,-0.14282899732759313
-2.2374999999999998,-0.15014844657831508
-2.2362499999999996,-0.15380817120367604
-2.2349999999999999,-0.16112762045439799
-2.2337499999999997,-0.16478734507975895
-2.2324999999999999,-0.1721067943304809
-2.2312499999999997,-0.17942624358120285
-2.23,-0.18308596820656384
-2.2287499999999998,-0.19040541745728579
-2.2274999999999996,-0.19772486670800771
-2.2262499999999998,-0.20504431595872966
-2.2249999999999996,-0.2123637652094516
-2.2237499999999999,-0.21602348983481259
-2.2224999999999997,-0.22334293908553454
-2.2212499999999999,-0.23066238833625649
-2.2199999999999998,-0.23798183758697841
-2.21875,-0.24530128683770036
-2.2174999999999998,-0.25262073608842234
-2.2162499999999996,-0.2562804607137833
-2.2149999999999999,-0.26359990996450522
-2.2137499999999997,-0.2709193592152272
-2.2124999999999999,-0.27823880846594912
-2.2112499999999997,-0.28555825771667109
-2.21,-0.29287770696739301
-2.2087499999999998,-0.30019715621811499
-2.2075,-0.30751660546883691
-2.2062499999999998,-0.31483605471955883
-2.2049999999999996,-0.31849577934491985
-2.2037499999999999,-0.32581522859564177
-2.2024999999999997,-0.33313467784636375
-2.2012499999999999,-0.33679440247172471
-2.1999999999999997,-0.34411385172244663
-2.19875,-0.35143330097316861
-2.1974999999999998,-0.35875275022389053
-2.1962499999999996,-0.3660721994746125
-2.1949999999999998,-0.36973192409997346
-2.1937499999999996,-0.37705137335069538
-2.1924999999999999,-0.38437082260141736
-2.1912499999999997,-0.38803054722677832
-2.1899999999999999,-0.39534999647750024
-2.1887499999999998,-0.39900972110286126
-2.1875,-0.40632917035358318
-2.1862499999999998,-0.40998889497894414
-2.1849999999999996,-0.41364861960430516
-2.1837499999999999,-0.42096806885502708
-2.1824999999999997,-0.42462779348038804
-2.1812499999999999,-0.43194724273111001
-2.1799999999999997,-0.43560696735647098
-2.17875,-0.43926669198183194
-2.1774999999999998,-0.4429264166071929
-2.17625,-0.44658614123255391
-2.1749999999999998,-0.45024586585791487
-2.1737499999999996,-0.45390559048327583
-2.1724999999999999,-0.45756531510863679
-2.1712499999999997,-0.46122503973399781
-2.1699999999999999,-0.46488476435935877
-2.1687499999999997,-0.46488476435935877
-2.1675,-0.46854448898471973
-2.1662499999999998,-0.46854448898471973
-2.1649999999999996,-0.47220421361008069
-2.1637499999999998,-0.47220421361008069
-2.1624999999999996,-0.47586393823544165
-2.1612499999999999,-0.47586393823544165
-2.1599999999999997,-0.47586393823544165
-2.1587499999999999,-0.47586393823544165
-2.1574999999999998,-0.47952366286080267
-2.15625,-0.47586393823544165
-2.1549999999999998,-0.47586393823544165
-2.1537499999999996,-0.47586393823544165
-2.1524999999999999,-0.47586393823544165
-2.1512499999999997,-0.47220421361008069
-2.1499999999999999,-0.47220421361008069
-2.1487499999999997,-0.46854448898471973
-2.1475,-0.46488476435935877
-2.1462499999999998,-0.46122503973399781
-2.145,-0.46122503973399781
-2.1437499999999998,-0.45756531510863679
-2.1424999999999996,-0.45390559048327583
-2.1412499999999999,-0.45024586585791487
-2.1399999999999997,-0.4429264166071929
-2.1387499999999999,-0.43926669198183194
-2.1374999999999997,-0.43560696735647098
-2.13625,-0.43194724273111001
-2.1349999999999998,-0.42462779348038804
-2.1337499999999996,-0.42096806885502708
-2.1324999999999998,-0.41364861960430516
-2.1312499999999996,-0.40998889497894414
-2.1299999999999999,-0.40632917035358318
-2.1287499999999997,-0.39900972110286126
-2.1274999999999999,-0.39534999647750024
-2.1262499999999998,-0.38803054722677832
-2.125,-0.38437082260141736
-2.1237499999999998,-0.37705137335069538
-2.1224999999999996,-0.37339164872533442
-2.1212499999999999,-0.3660721994746125
-2.1199999999999997,-0.35875275022389053
-2.1187499999999999,-0.35509302559852957
-2.1174999999999997,-0.34777357634780764
-2.11625,-0.34045412709708567
-2.1149999999999998,-0.33313467784636375
-2.11375,-0.32947495322100273
-2.1124999999999998,-0.32215550397028081
-2.1112499999999996,-0.31483605471955883
-2.1099999999999999,-0.30751660546883691
-2.1087499999999997,-0.30019715621811499
-2.1074999999999999,-0.29287770696739301
-2.1062499999999997,-0.28555825771667109
-2.105,-0.27823880846594912
-2.1037499999999998,-0.2709193592152272
-2.1024999999999996,-0.26359990996450522
-2.1012499999999998,-0.2562804607137833
-2.0999999999999996,-0.24896101146306135
-2.0987499999999999,-0.2416415622123394
-2.0974999999999997,-0.23432211296161745
-2.0962499999999999,-0.2270026637108955
-2.0949999999999998,-0.21968321446017355
-2.09375,-0.2123637652094516
-2.0924999999999998,-0.20504431595872966
-2.0912499999999996,-0.19772486670800771
-2.0899999999999999,-0.1867456928319248
-2.0887499999999997,-0.18308596820656384
-2.0874999999999999,-0.1721067943304809
-2.0862499999999997,-0.16478734507975895
-2.085,-0.157467895829037
-2.0837499999999998,-0.15014844657831508
-2.0825,-0.14282899732759313
-2.0812499999999998,-0.13550954807687118
-2.0799999999999996,-0.12819009882614923
-2.0787499999999999,-0.12453037420078826
-2.0774999999999997,-0.11721092495006631
-2.0762499999999999,-0.10989147569934436
-2.0749999999999997,-0.10257202644862241
-2.07375,-0.095252577197900479
-2.0724999999999998,-0.091592852572539504
-2.0712499999999996,-0.084273403321817555
-2.0699999999999998,-0.076953954071095607
-2.0687499999999996,-0.073294229445734632
-2.0674999999999999,-0.065974780195012683
-2.0662499999999997,-0.062315055569651716
-2.0649999999999999,-0.058655330944290741
-2.0637499999999998,-0.054995606318929767
-2.0625,-0.051335881693568793
-2.0612499999999998,-0.047676157068207825
-2.0599999999999996,-0.044016432442846851
-2.0587499999999999,-0.040356707817485876
-2.0574999999999997,-0.040356707817485876
-2.0562499999999999,-0.036696983192124902
-2.0549999999999997,-0.036696983192124902
-2.05375,-0.033037258566763927
-2.0524999999999998,-0.033037258566763927
-2.05125,-0.033037258566763927
-2.0499999999999998,-0.033037258566763927
-2.0487499999999996,-0.033037258566763927
-2.0474999999999999,-0.033037258566763927
-2.0462499999999997,-0.033037258566763927
-2.0449999999999999,-0.033037258566763927
-2.0437499999999997,-0.036696983192124902
-2.0425,-0.036696983192124902
-2.0412499999999998,-0.036696983192124902
-2.0399999999999996,-0.040356707817485876
-2.0387499999999998,-0.040356707817485876
-2.0374999999999996,-0.044016432442846851
-2.0362499999999999,-0.044016432442846851
-2.0349999999999997,-0.047676157068207825
-2.0337499999999999,-0.051335881693568793
-2.0324999999999998,-0.054995606318929767
-2.03125,-0.058655330944290741
-2.0299999999999998,-0.062315055569651716
-2.0287499999999996,-0.065974780195012683
-2.0274999999999999,-0.069634504820373658
-2.0262499999999997,-0.073294229445734632
-2.0249999999999999,-0.076953954071095607
-2.0237499999999997,-0.084273403321817555
-2.0225,-0.08793312794717853
-2.0212499999999998,-0.091592852572539504
-2.02,-0.095252577197900479
-2.0187499999999998,-0.10257202644862241
-2.0174999999999996,-0.10623175107398339
-2.0162499999999999,-0.11355120032470534
-2.0149999999999997,-0.11721092495006631
-2.0137499999999999,-0.12453037420078826
-2.0124999999999997,-0.1318498234515102
-2.01125,-0.13550954807687118
-2.0099999999999998,-0.14282899732759313
-2.0087499999999996,-0.15014844657831508
-2.0074999999999998,-0.15380817120367604
-2.0062499999999996,-0.16112762045439799
-2.0049999999999999,-0.16844706970511994
-2.0037499999999997,-0.1721067943304809
-2.0024999999999999,-0.17942624358120285
-2.0012499999999998,-0.1867456928319248
-2,-0.19406514208264675
-1.99875,-0.19772486670800771
-1.9975000000000001,-0.20504431595872966
-1.9962500000000001,-0.2123637652094516
-1.9950000000000001,-0.21602348983481259
-1.9937500000000001,-0.22334293908553454
-1.9924999999999999,-0.23066238833625649
-1.99125,-0.23798183758697841
-1.99,-0.2416415622123394
-1.98875,-0.24896101146306135
-1.9875,-0.2562804607137833
-1.9862500000000001,-0.25994018533914426
-1.9850000000000001,-0.26359990996450522
-1.9837500000000001,-0.2709193592152272
-1.9824999999999999,-0.27457908384058816
-1.98125,-0.28189853309131008
-1.98,-0.28555825771667109
-1.97875,-0.28921798234203205
-1.9775,-0.29653743159275398
-1.9762500000000001,-0.30019715621811499
-1.9750000000000001,-0.30385688084347595
-1.9737500000000001,-0.30751660546883691
-1.9724999999999999,-0.31117633009419787
-1.9712499999999999,-0.31483605471955883
-1.97,-0.31849577934491985
-1.96875,-0.32215550397028081
-1.9675,-0.32581522859564177
-1.9662500000000001,-0.32581522859564177
-1.9650000000000001,-0.32947495322100273
-1.9637500000000001,-0.33313467784636375
-1.9625000000000001,-0.33679440247172471
-1.9612499999999999,-0.33679440247172471
-1.96,-0.34045412709708567
-1.95875,-0.34045412709708567
-1.9575,-0.34411385172244663
-1.95625,-0.34411385172244663
-1.9550000000000001,-0.34411385172244663
-1.9537500000000001,-0.34777357634780764
-1.9525000000000001,-0.34777357634780764
-1.9512499999999999,-0.34777357634780764
-1.95,-0.34411385172244663
-1.94875,-0.34411385172244663
-1.9475,-0.34411385172244663
-1.94625,-0.34411385172244663
-1.9450000000000001,-0.34411385172244663
-1.9437500000000001,-0.34411385172244663
-1.9425000000000001,-0.34045412709708567
-1.9412499999999999,-0.34045412709708567
-1.9399999999999999,-0.33679440247172471
-1.93875,-0.33679440247172471
-1.9375,-0.33313467784636375
-1.93625,-0.32947495322100273
-1.9350000000000001,-0.32581522859564177
-1.9337500000000001,-0.32215550397028081
-1.9325000000000001,-0.32215550397028081
-1.9312500000000001,-0.31849577934491985
-1.9299999999999999,-0.31483605471955883
-1.92875,-0.31117633009419787
-1.9275,-0.30751660546883691
-1.92625,-0.30751660546883691
-1.925,-0.30385688084347595
-1.9237500000000001,-0.30019715621811499
-1.9225000000000001,-0.29653743159275398
-1.9212500000000001,-0.29287770696739301
-1.9199999999999999,-0.28921798234203205
-1.91875,-0.28555825771667109
-1.9175,-0.28189853309131008
-1.91625,-0.27823880846594912
-1.915,-0.27457908384058816
-1.9137500000000001,-0.2709193592152272
-1.9125000000000001,-0.2709193592152272
-1.9112500000000001,-0.26725963458986624
-1.9099999999999999,-0.26359990996450522
-1.9087499999999999,-0.25994018533914426
-1.9075,-0.2562804607137833
-1.90625,-0.2562804607137833
-1.905,-0.25262073608842234
-1.9037500000000001,-0.24896101146306135
-1.9025000000000001,-0.24530128683770036
-1.9012500000000001,-0.2416415622123394
-1.9000000000000001,-0.23798183758697841
-1.8987499999999999,-0.23432211296161745
-1.8975,-0.23432211296161745
-1.89625,-0.23066238833625649
-1.895,-0.2270026637108955
-1.89375,-0.2270026637108955
-1.8925000000000001,-0.22334293908553454
-1.8912500000000001,-0.22334293908553454
-1.8900000000000001,-0.21968321446017355
-1.8887499999999999,-0.21968321446017355
-1.8875,-0.21602348983481259
-1.88625,-0.21602348983481259
-1.885,-0.21602348983481259
-1.88375,-0.21602348983481259
-1.8825000000000001,-0.21602348983481259
-1.8812500000000001,-0.21602348983481259
-1.8800000000000001,-0.21602348983481259
-1.8787499999999999,-0.21968321446017355
-1.8774999999999999,-0.21968321446017355
-1.87625,-0.22334293908553454
-1.875,-0.22334293908553454
-1.87375,-0.2270026637108955
-1.8725000000000001,-0.23066238833625649
-1.8712500000000001,-0.23432211296161745
-1.8700000000000001,-0.23432211296161745
-1.8687500000000001,-0.23798183758697841
-1.8674999999999999,-0.2416415622123394
-1.86625,-0.24530128683770036
-1.865,-0.25262073608842234
-1.86375,-0.2562804607137833
-1.8625,-0.26359990996450522
-1.8612500000000001,-0.2709193592152272
-1.8600000000000001,-0.27457908384058816
-1.8587500000000001,-0.28189853309131008
-1.8574999999999999,-0.28921798234203205
-1.85625,-0.30019715621811499
-1.855,-0.30751660546883691
-1.85375,-0.31483605471955883
-1.8525,-0.32215550397028081
-1.8512500000000001,-0.32947495322100273
-1.8500000000000001,-0.34045412709708567
-1.8487500000000001,-0.34777357634780764
-1.8474999999999999,-0.35509302559852957
-1.8462499999999999,-0.3660721994746125
-1.845,-0.37339164872533442
-1.84375,-0.38437082260141736
-1.8425,-0.39169027185213928
-1.8412500000000001,-0.39900972110286126
-1.8400000000000001,-0.40998889497894414
-1.8387500000000001,-0.41730834422966612
-1.8375000000000001,-0.42462779348038804
-1.8362499999999999,-0.43560696735647098
-1.835,-0.4429264166071929
-1.83375,-0.45024586585791487
-1.8325,-0.45756531510863679
-1.83125,-0.46488476435935877
-1.8300000000000001,-0.47220421361008069
-1.8287500000000001,-0.47952366286080267
-1.8275000000000001,-0.48318338748616363
-1.8262499999999999,-0.49050283673688555
-1.825,-0.49782228598760753
-1.82375,-0.50148201061296849
-1.8225,-0.5051417352383295
-1.82125,-0.50880145986369041
-1.8200000000000001,-0.51246118448905142
-1.8187500000000001,-0.51612090911441233
-1.8175000000000001,-0.51978063373977335
-1.8162499999999999,-0.51978063373977335
-1.8149999999999999,-0.52344035836513436
-1.81375,-0.52344035836513436
-1.8125,-0.52710008299049527
-1.81125,-0.52710008299049527
-1.8100000000000001,-0.52710008299049527
-1.8087500000000001,-0.52344035836513436
-1.8075000000000001,-0.52344035836513436
-1.8062500000000001,-0.51978063373977335
-1.8049999999999999,-0.51978063373977335
-1.80375,-0.51612090911441233
-1.8025,-0.51246118448905142
-1.80125,-0.5051417352383295
-1.8,-0.50148201061296849
-1.7987500000000001,-0.49416256136224657
-1.7975000000000001,-0.49050283673688555
-1.7962500000000001,-0.48318338748616363
-1.7949999999999999,-0.47586393823544165
-1.79375,-0.46854448898471973
-1.7925,-0.46122503973399781
-1.79125,-0.45390559048327583
-1.79,-0.4429264166071929
-1.7887500000000001,-0.43560696735647098
-1.7875000000000001,-0.42462779348038804
-1.7862500000000001,-0.41364861960430516
-1.7849999999999999,-0.40266944572822222
-1.7837499999999999,-0.39169027185213928
-1.7825,-0.3807110979760564
-1.78125,-0.36973192409997346
-1.78,-0.35875275022389053
-1.7787500000000001,-0.34777357634780764
-1.7775000000000001,-0.33313467784636375
-1.7762500000000001,-0.32215550397028081
-1.7750000000000001,-0.31117633009419787
-1.7737499999999999,-0.29653743159275398
-1.7725,-0.28189853309131008
-1.77125,-0.26725963458986624
-1.77,-0.2562804607137833
-1.76875,-0.2416415622123394
-1.7675000000000001,-0.2270026637108955
-1.7662500000000001,-0.2123637652094516
-1.7650000000000001,-0.19772486670800771
-1.7637499999999999,-0.18308596820656384
-1.7625,-0.16844706970511994
-1.76125,-0.15380817120367604
-1.76,-0.14282899732759313
-1.75875,-0.12819009882614923
-1.7575000000000001,-0.11355120032470534
-1.7562500000000001,-0.098912301823261439
-1.7550000000000001,-0.08793312794717853
-1.7537499999999999,-0.073294229445734632
-1.7524999999999999,-0.058655330944290741
-1.75125,-0.044016432442846851
-1.75,-0.033037258566763927
-1.74875,-0.018398360065320037
-1.7475000000000001,-0.0074191861892371177
-1.7462500000000001,0.0035599876868458017
-1.7450000000000001,0.018198886188289694
-1.7437500000000001,0.029178060064372614
-1.7424999999999999,0.040157233940455533
-1.74125,0.05113640781653845
-1.74,0.062115581692621373
-1.73875,0.073094755568704289
-1.7375,0.080414204819426238
-1.7362500000000001,0.091393378695509161
-1.7350000000000001,0.098712827946231096
-1.7337500000000001,0.10603227719695305
-1.7324999999999999,0.11701145107303597
-1.73125,0.12433090032375792
-1.73,0.13165034957447985
-1.72875,0.1389697988252018
-1.7275,0.14262952345056279
-1.7262500000000001,0.14994897270128474
-1.7250000000000001,0.1536086973266457
-1.7237500000000001,0.15726842195200666
-1.7224999999999999,0.16458787120272861
-1.7212499999999999,0.1682475958280896
-1.72,0.17190732045345056
-1.71875,0.17556704507881155
-1.7175,0.17922676970417251
-1.7162500000000001,0.17922676970417251
-1.7150000000000001,0.17922676970417251
-1.7137500000000001,0.18288649432953349
-1.7125000000000001,0.18288649432953349
-1.7112499999999999,0.18288649432953349
-1.71,0.17922676970417251
-1.70875,0.17922676970417251
-1.7075,0.17922676970417251
-1.70625,0.17556704507881155
-1.7050000000000001,0.17556704507881155
-1.7037500000000001,0.17190732045345056
-1.7025000000000001,0.1682475958280896
-1.7012499999999999,0.16458787120272861
-1.7,0.16092814657736765
-1.69875,0.15726842195200666
-1.6975,0.1536086973266457
-1.69625,0.14628924807592375
-1.6950000000000001,0.14262952345056279
-1.6937500000000001,0.13531007419984084
-1.6925000000000001,0.12799062494911889
-1.6912499999999999,0.12433090032375792
-1.6899999999999999,0.11701145107303597
-1.68875,0.10969200182231402
-1.6875,0.10237255257159207
-1.68625,0.095053103320870136
-1.6850000000000001,0.087733654070148187
-1.6837500000000001,0.076754480194065264
-1.6825000000000001,0.069435030943343315
-1.6812500000000001,0.062115581692621373
-1.6799999999999999,0.05113640781653845
-1.67875,0.043816958565816508
-1.6775,0.032837784689733585
-1.67625,0.025518335439011639
-1.675,0.014539161562928721
-1.6737500000000001,0.0072197123122067748
-1.6725000000000001,-0.0037594615638761445
-1.6712500000000001,-0.014738635439959064
-1.6699999999999999,-0.022058084690681011
-1.66875,-0.029377533941402956
-1.6675,-0.040356707817485876
-1.66625,-0.047676157068207825
-1.665,-0.054995606318929767
-1.6637500000000001,-0.065974780195012683
-1.6625000000000001,-0.073294229445734632
-1.6612500000000001,-0.080613678696456581
-1.6599999999999999,-0.091592852572539504
-1.6587499999999999,-0.098912301823261439
-1.6575,-0.10989147569934436
-1.65625,-0.11721092495006631
-1.655,-0.12453037420078826
-1.6537500000000001,-0.12819009882614923
-1.6525000000000001,-0.13916927270223214
-1.6512500000000001,-0.14282899732759313
-1.6500000000000001,-0.15014844657831508
-1.6487499999999999,-0.157467895829037
-1.6475,-0.16478734507975895
-1.64625,-0.1721067943304809
-1.645,-0.17942624358120285
-1.64375,-0.1867456928319248
-1.6425000000000001,-0.19040541745728579
-1.6412500000000001,-0.19772486670800771
-1.6400000000000001,-0.2013845913333687
-1.6387499999999999,-0.20870404058409064
-1.6375,-0.2123637652094516
-1.63625,-0.21602348983481259
-1.635,-0.21968321446017355
-1.63375,-0.22334293908553454
-1.6325000000000001,-0.2270026637108955
-1.6312500000000001,-0.23066238833625649
-1.6300000000000001,-0.23432211296161745
-1.6287499999999999,-0.23798183758697841
-1.6274999999999999,-0.23798183758697841
-1.62625,-0.2416415622123394
-1.625,-0.24530128683770036
-1.62375,-0.24530128683770036
-1.6225000000000001,-0.24896101146306135
-1.6212500000000001,-0.24896101146306135
-1.6200000000000001,-0.24896101146306135
-1.6187500000000001,-0.24896101146306135
-1.6174999999999999,-0.24896101146306135
-1.61625,-0.24896101146306135
-1.615,-0.24896101146306135
-1.61375,-0.24896101146306135
-1.6125,-0.24896101146306135
-1.6112500000000001,-0.24896101146306135
-1.6100000000000001,-0.24896101146306135
-1.6087500000000001,-0.24896101146306135
-1.6074999999999999,-0.24896101146306135
-1.60625,-0.24530128683770036
-1.605,-0.24530128683770036
-1.60375,-0.24530128683770036
-1.6025,-0.2416415622123394
-1.6012500000000001,-0.2416415622123394
-1.6000000000000001,-0.23798183758697841
-1.5987500000000001,-0.23798183758697841
-1.5974999999999999,-0.23432211296161745
-1.5962499999999999,-0.23432211296161745
-1.595,-0.23432211296161745
-1.59375,-0.23432211296161745
-1.5925,-0.23432211296161745
-1.5912500000000001,-0.23432211296161745
-1.5900000000000001,-0.23066238833625649
-1.5887500000000001,-0.23066238833625649
-1.5875000000000001,-0.23066238833625649
-1.5862499999999999,-0.23066238833625649
-1.585,-0.23066238833625649
-1.58375,-0.23066238833625649
-1.5825,-0.23066238833625649
-1.58125,-0.23066238833625649
-1.5800000000000001,-0.23066238833625649
-1.5787500000000001,-0.23432211296161745
-1.5775000000000001,-0.23432211296161745
-1.5762499999999999,-0.23432211296161745
-1.575,-0.23798183758697841
-1.57375,-0.23798183758697841
-1.5725,-0.2416415622123394
-1.57125,-0.2416415622123394
-1.5700000000000001,-0.2416415622123394
-1.5687500000000001,-0.24530128683770036
-1.5675000000000001,-0.24530128683770036
-1.5662499999999999,-0.24896101146306135
-1.5649999999999999,-0.24896101146306135
-1.56375,-0.25262073608842234
-1.5625,-0.25262073608842234
-1.56125,-0.2562804607137833
-1.5600000000000001,-0.25994018533914426
-1.5587500000000001,-0.25994018533914426
-1.5575000000000001,-0.26359990996450522
-1.5562500000000001,-0.26725963458986624
-1.5549999999999999,-0.26725963458986624
-1.55375,-0.2709193592152272
-1.5525,-0.2709193592152272
-1.55125,-0.27457908384058816
-1.55,-0.27457908384058816
-1.5487500000000001,-0.27457908384058816
-1.5475000000000001,-0.27823880846594912
-1.5462500000000001,-0.27823880846594912
-1.5449999999999999,-0.28189853309131008
-1.54375,-0.28189853309131008
-1.5425,-0.28189853309131008
-1.54125,-0.28189853309131008
-1.54,-0.28189853309131008
-1.5387500000000001,-0.28189853309131008
-1.5375000000000001,-0.28189853309131008
-1.5362500000000001,-0.28189853309131008
-1.5349999999999999,-0.27823880846594912
-1.5337499999999999,-0.27823880846594912
-1.5325,-0.27457908384058816
-1.53125,-0.27457908384058816
-1.53,-0.2709193592152272
-1.5287500000000001,-0.2709193592152272
-1.5275000000000001,-0.26725963458986624
-1.5262500000000001,-0.26359990996450522
-1.5250000000000001,-0.26359990996450522
-1.5237499999999999,-0.25994018533914426
-1.5225,-0.2562804607137833
-1.52125,-0.25262073608842234
-1.52,-0.24896101146306135
-1.51875,-0.24530128683770036
-1.5175000000000001,-0.23798183758697841
-1.5162500000000001,-0.23432211296161745
-1.5150000000000001,-0.23066238833625649
-1.5137499999999999,-0.2270026637108955
-1.5125,-0.22334293908553454
-1.51125,-0.21602348983481259
-1.51,-0.2123637652094516
-1.50875,-0.20870404058409064
-1.5075000000000001,-0.20504431595872966
-1.5062500000000001,-0.19772486670800771
-1.5050000000000001,-0.19406514208264675
-1.5037499999999999,-0.19040541745728579
-1.5024999999999999,-0.18308596820656384
-1.50125,-0.17942624358120285
-1.5,-0.17576651895584189
-1.49875,-0.16844706970511994
-1.4975000000000001,-0.16478734507975895
-1.4962500000000001,-0.16112762045439799
-1.4950000000000001,-0.157467895829037
-1.4937500000000001,-0.15380817120367604
-1.4924999999999999,-0.15014844657831508
-1.49125,-0.14648872195295409
-1.49,-0.14282899732759313
-1.48875,-0.13916927270223214
-1.4875,-0.13550954807687118
-1.4862500000000001,-0.1318498234515102
-1.4850000000000001,-0.12819009882614923
-1.4837500000000001,-0.12453037420078826
-1.4824999999999999,-0.12087064957542729
-1.48125,-0.12087064957542729
-1.48,-0.11721092495006631
-1.47875,-0.11355120032470534
-1.4775,-0.11355120032470534
-1.4762500000000001,-0.10989147569934436
-1.4750000000000001,-0.10989147569934436
-1.4737500000000001,-0.10623175107398339
-1.4724999999999999,-0.10623175107398339
-1.4712499999999999,-0.10257202644862241
-1.47,-0.10257202644862241
-1.46875,-0.10257202644862241
-1.4675,-0.098912301823261439
-1.4662500000000001,-0.098912301823261439
-1.4650000000000001,-0.098912301823261439
-1.4637500000000001,-0.098912301823261439
-1.4625000000000001,-0.095252577197900479
-1.4612499999999999,-0.095252577197900479
-1.46,-0.095252577197900479
-1.45875,-0.095252577197900479
-1.4575,-0.095252577197900479
-1.45625,-0.095252577197900479
-1.4550000000000001,-0.095252577197900479
-1.4537500000000001,-0.095252577197900479
-1.4525000000000001,-0.095252577197900479
-1.4512499999999999,-0.095252577197900479
-1.45,-0.095252577197900479
-1.44875,-0.095252577197900479
-1.4475,-0.098912301823261439
-1.44625,-0.098912301823261439
-1.4450000000000001,-0.10257202644862241
-1.4437500000000001,-0.10257202644862241
-1.4425000000000001,-0.10623175107398339
-1.4412499999999999,-0.10623175107398339
-1.4399999999999999,-0.10989147569934436
-1.43875,-0.10989147569934436
-1.4375,-0.11355120032470534
-1.43625,-0.11355120032470534
-1.4350000000000001,-0.11721092495006631
-1.4337500000000001,-0.11721092495006631
-1.4325000000000001,-0.12087064957542729
-1.4312500000000001,-0.12453037420078826
-1.4299999999999999,-0.12819009882614923
-1.42875,-0.1318498234515102
-1.4275,-0.1318498234515102
-1.42625,-0.13550954807687118
-1.425,-0.13916927270223214
-1.4237500000000001,-0.14282899732759313
-1.4225000000000001,-0.14648872195295409
-1.4212500000000001,-0.15014844657831508
-1.4199999999999999,-0.15380817120367604
-1.41875,-0.157467895829037
-1.4175,-0.16112762045439799
-1.41625,-0.16478734507975895
-1.415,-0.16844706970511994
-1.4137500000000001,-0.1721067943304809
-1.4125000000000001,-0.17942624358120285
-1.4112500000000001,-0.18308596820656384
-1.4099999999999999,-0.1867456928319248
-1.4087499999999999,-0.19406514208264675
-1.4075,-0.19772486670800771
-1.40625,-0.2013845913333687
-1.405,-0.20504431595872966
-1.4037500000000001,-0.2123637652094516
-1.4025000000000001,-0.21602348983481259
-1.4012500000000001,-0.21968321446017355
-1.4000000000000001,-0.22334293908553454
-1.3987499999999999,-0.2270026637108955
-1.3975,-0.23066238833625649
-1.39625,-0.23798183758697841
-1.395,-0.2416415622123394
-1.39375,-0.24530128683770036
-1.3925000000000001,-0.24896101146306135
-1.3912500000000001,-0.2562804607137833
-1.3900000000000001,-0.25994018533914426
-1.3887499999999999,-0.26359990996450522
-1.3875,-0.26725963458986624
-1.38625,-0.2709193592152272
-1.385,-0.27457908384058816
-1.38375,-0.27823880846594912
-1.3825000000000001,-0.28189853309131008
-1.3812500000000001,-0.28555825771667109
-1.3800000000000001,-0.28921798234203205
-1.3787499999999999,-0.29287770696739301
-1.3774999999999999,-0.29653743159275398
-1.37625,-0.30019715621811499
-1.375,-0.30385688084347595
-1.37375,-0.30751660546883691
-1.3725000000000001,-0.31117633009419787
-1.3712500000000001,-0.31483605471955883
-1.3700000000000001,-0.31849577934491985
-1.3687500000000001,-0.31849577934491985
-1.3674999999999999,-0.32215550397028081
-1.36625,-0.32581522859564177
-1.365,-0.32947495322100273
-1.36375,-0.32947495322100273
-1.3625,-0.33313467784636375
-1.3612500000000001,-0.33679440247172471
-1.3600000000000001,-0.33679440247172471
-1.3587500000000001,-0.34045412709708567
-1.3574999999999999,-0.34045412709708567
-1.35625,-0.34411385172244663
-1.355,-0.34411385172244663
-1.35375,-0.34777357634780764
-1.3525,-0.34777357634780764
-1.3512500000000001,-0.34777357634780764
-1.3500000000000001,-0.34777357634780764
-1.3487500000000001,-0.34777357634780764
-1.3474999999999999,-0.34777357634780764
-1.3462499999999999,-0.34777357634780764
-1.345,-0.34777357634780764
-1.34375,-0.34777357634780764
-1.3425,-0.34777357634780764
-1.3412500000000001,-0.34411385172244663
-1.3400000000000001,-0.34411385172244663
-1.3387500000000001,-0.34045412709708567
-1.3375000000000001,-0.34045412709708567
-1.3362499999999999,-0.33679440247172471
-1.335,-0.33313467784636375
-1.33375,-0.33313467784636375
-1.3325,-0.32947495322100273
-1.33125,-0.32581522859564177
-1.3300000000000001,-0.32581522859564177
-1.3287500000000001,-0.32215550397028081
-1.3275000000000001,-0.31849577934491985
-1.3262499999999999,-0.31483605471955883
-1.325,-0.31483605471955883
-1.32375,-0.31117633009419787
-1.3225,-0.30751660546883691
-1.32125,-0.30385688084347595
-1.3200000000000001,-0.30019715621811499
-1.3187500000000001,-0.29653743159275398
-1.3175000000000001,-0.29653743159275398
-1.3162499999999999,-0.29287770696739301
-1.3149999999999999,-0.28921798234203205
-1.31375,-0.28555825771667109
-1.3125,-0.28555825771667109
-1.31125,-0.28189853309131008
-1.3100000000000001,-0.28189853309131008
-1.3087500000000001,-0.27823880846594912
-1.3075000000000001,-0.27457908384058816
-1.3062500000000001,-0.27457908384058816
-1.3049999999999999,-0.2709193592152272
-1.30375,-0.26725963458986624
-1.3025,-0.26725963458986624
-1.30125,-0.26359990996450522
-1.3,-0.25994018533914426
-1.2987500000000001,-0.25994018533914426
-1.2975000000000001,-0.2562804607137833
-1.2962500000000001,-0.25262073608842234
-1.2949999999999999,-0.25262073608842234
-1.29375,-0.25262073608842234
-1.2925,-0.24896101146306135
-1.29125,-0.24896101146306135
-1.29,-0.24896101146306135
-1.2887500000000001,-0.24530128683770036
-1.2875000000000001,-0.2416415622123394
-1.2862500000000001,-0.2416415622123394
-1.2849999999999999,-0.2416415622123394
-1.2837499999999999,-0.23798183758697841
-1.2825,-0.23798183758697841
-1.28125,-0.23798183758697841
-1.28,-0.23432211296161745
-1.2787500000000001,-0.23432211296161745
-1.2775000000000001,-0.23432211296161745
-1.2762500000000001,-0.23432211296161745
-1.2750000000000001,-0.23432211296161745
-1.2737499999999999,-0.23066238833625649
-1.2725,-0.23066238833625649
-1.27125,-0.23066238833625649
-1.27,-0.23066238833625649
-1.26875,-0.23066238833625649
-1.2675000000000001,-0.23066238833625649
-1.2662500000000001,-0.23066238833625649
-1.2650000000000001,-0.2270026637108955
-1.2637499999999999,-0.2270026637108955
-1.2625,-0.2270026637108955
-1.26125,-0.2270026637108955
-1.26,-0.2270026637108955
-1.25875,-0.2270026637108955
-1.2575000000000001,-0.2270026637108955
-1.2562500000000001,-0.2270026637108955
-1.2550000000000001,-0.2270026637108955
-1.2537499999999999,-0.22334293908553454
-1.2524999999999999,-0.22334293908553454
-1.25125,-0.22334293908553454
-1.25,-0.22334293908553454
-1.24875,-0.21968321446017355
-1.2475000000000001,-0.21968321446017355
-1.2462500000000001,-0.21968321446017355
-1.2450000000000001,-0.21968321446017355
-1.2437500000000001,-0.21602348983481259
-1.2424999999999999,-0.21602348983481259
-1.24125,-0.21602348983481259
-1.24,-0.21602348983481259
-1.23875,-0.21602348983481259
-1.2375,-0.21602348983481259
-1.2362500000000001,-0.2123637652094516
-1.2350000000000001,-0.2123637652094516
-1.2337500000000001,-0.2123637652094516
-1.2324999999999999,-0.2123637652094516
-1.23125,-0.2123637652094516
-1.23,-0.2123637652094516
-1.22875,-0.2123637652094516
-1.2275,-0.20870404058409064
-1.2262500000000001,-0.2123637652094516
-1.2250000000000001,-0.20870404058409064
-1.2237500000000001,-0.20870404058409064
-1.2224999999999999,-0.20870404058409064
-1.2212499999999999,-0.20870404058409064
-1.22,-0.20870404058409064
-1.21875,-0.20870404058409064
-1.2175,-0.20870404058409064
-1.2162500000000001,-0.20870404058409064
-1.2150000000000001,-0.20504431595872966
-1.2137500000000001,-0.20504431595872966
-1.2125000000000001,-0.20504431595872966
-1.2112499999999999,-0.20504431595872966
-1.21,-0.20504431595872966
-1.20875,-0.20504431595872966
-1.2075,-0.2013845913333687
-1.20625,-0.2013845913333687
-1.2050000000000001,-0.2013845913333687
-1.2037500000000001,-0.2013845913333687
-1.2025000000000001,-0.19772486670800771
-1.2012499999999999,-0.19772486670800771
-1.2,-0.19406514208264675
-1.19875,-0.19406514208264675
-1.1975,-0.19040541745728579
-1.19625,-0.19040541745728579
-1.1950000000000001,-0.19040541745728579
-1.1937500000000001,-0.1867456928319248
-1.1925000000000001,-0.1867456928319248
-1.1912499999999999,-0.18308596820656384
-1.1899999999999999,-0.17942624358120285
-1.18875,-0.17942624358120285
-1.1875,-0.17576651895584189
-1.18625,-0.1721067943304809
-1.1850000000000001,-0.1721067943304809
-1.1837500000000001,-0.16844706970511994
-1.1825000000000001,-0.16478734507975895
-1.1812500000000001,-0.16112762045439799
-1.1799999999999999,-0.16112762045439799
-1.17875,-0.157467895829037
-1.1775,-0.157467895829037
-1.17625,-0.15380817120367604
-1.175,-0.15380817120367604
-1.1737500000000001,-0.15014844657831508
-1.1725000000000001,-0.15014844657831508
-1.1712500000000001,-0.14648872195295409
-1.1699999999999999,-0.14282899732759313
-1.16875,-0.14282899732759313
-1.1675,-0.13916927270223214
-1.16625,-0.13916927270223214
-1.165,-0.13550954807687118
-1.1637500000000001,-0.13550954807687118
-1.1625000000000001,-0.1318498234515102
-1.1612500000000001,-0.1318498234515102
-1.1599999999999999,-0.1318498234515102
-1.1587499999999999,-0.1318498234515102
-1.1575,-0.12819009882614923
-1.15625,-0.12819009882614923
-1.155,-0.12819009882614923
-1.1537500000000001,-0.12453037420078826
-1.1525000000000001,-0.12453037420078826
-1.1512500000000001,-0.12453037420078826
-1.1500000000000001,-0.12453037420078826
-1.1487499999999999,-0.12453037420078826
-1.1475,-0.12453037420078826
-1.14625,-0.12087064957542729
-1.145,-0.12453037420078826
-1.14375,-0.12453037420078826
-1.1425000000000001,-0.12453037420078826
-1.1412500000000001,-0.12453037420078826
-1.1400000000000001,-0.12453037420078826
-1.1387499999999999,-0.12453037420078826
-1.1375,-0.12453037420078826
-1.13625,-0.12453037420078826
-1.135,-0.12453037420078826
-1.13375,-0.12453037420078826
-1.1325000000000001,-0.12453037420078826
-1.1312500000000001,-0.12453037420078826
-1.1300000000000001,-0.12819009882614923
-1.1287499999999999,-0.12819009882614923
-1.1274999999999999,-0.12819009882614923
-1.12625,-0.12819009882614923
-1.125,-0.12819009882614923
-1.12375,-0.12819009882614923
-1.1225000000000001,-0.12819009882614923
-1.1212500000000001,-0.12819009882614923
-1.1200000000000001,-0.12819009882614923
-1.1187500000000001,-0.12819009882614923
-1.1174999999999999,-0.12819009882614923
-1.11625,-0.12819009882614923
-1.115,-0.1318498234515102
-1.11375,-0.1318498234515102
-1.1125,-0.1318498234515102
-1.1112500000000001,-0.1318498234515102
-1.1100000000000001,-0.1318498234515102
-1.1087500000000001,-0.1318498234515102
-1.1074999999999999,-0.13550954807687118
-1.10625,-0.13550954807687118
-1.105,-0.13550954807687118
-1.10375,-0.13550954807687118
-1.1025,-0.13550954807687118
-1.1012500000000001,-0.13916927270223214
-1.1000000000000001,-0.13916927270223214
-1.0987500000000001,-0.13916927270223214
-1.0974999999999999,-0.14282899732759313
-1.0962499999999999,-0.14282899732759313
-1.095,-0.14648872195295409
-1.09375,-0.14648872195295409
-1.0925,-0.15014844657831508
-1.0912500000000001,-0.15380817120367604
-1.0900000000000001,-0.15380817120367604
-1.0887500000000001,-0.157467895829037
-1.0875000000000001,-0.16112762045439799
-1.0862499999999999,-0.16112762045439799
-1.085,-0.16478734507975895
-1.08375,-0.16844706970511994
-1.0825,-0.1721067943304809
-1.08125,-0.17576651895584189
-1.0800000000000001,-0.17942624358120285
-1.0787500000000001,-0.18308596820656384
-1.0775000000000001,-0.1867456928319248
-1.0762499999999999,-0.19406514208264675
-1.075,-0.19772486670800771
-1.07375,-0.2013845913333687
-1.0725,-0.20870404058409064
-1.07125,-0.2123637652094516
-1.0700000000000001,-0.21968321446017355
-1.0687500000000001,-0.22334293908553454
-1.0675000000000001,-0.23066238833625649
-1.0662499999999999,-0.23432211296161745
-1.0649999999999999,-0.2416415622123394
-1.06375,-0.24896101146306135
-1.0625,-0.25262073608842234
-1.06125,-0.25994018533914426
-1.0600000000000001,-0.26725963458986624
-1.0587500000000001,-0.2709193592152272
-1.0575000000000001,-0.27823880846594912
-1.0562500000000001,-0.28555825771667109
-1.0549999999999999,-0.28921798234203205
-1.05375,-0.29653743159275398
-1.0525,-0.30385688084347595
-1.05125,-0.30751660546883691
-1.05,-0.31483605471955883
-1.0487500000000001,-0.31849577934491985
-1.0475000000000001,-0.32581522859564177
-1.0462500000000001,-0.32947495322100273
-1.0449999999999999,-0.33679440247172471
-1.04375,-0.34411385172244663
-1.0425,-0.34777357634780764
-1.04125,-0.35509302559852957
-1.04,-0.35875275022389053
-1.0387500000000001,-0.36241247484925149
-1.0375000000000001,-0.3660721994746125
-1.0362500000000001,-0.36973192409997346
-1.0349999999999999,-0.37705137335069538
-1.0337499999999999,-0.3807110979760564
-1.0325,-0.38437082260141736
-1.03125,-0.38803054722677832
-1.03,-0.39169027185213928
-1.0287500000000001,-0.39534999647750024
-1.0275000000000001,-0.39900972110286126
-1.0262500000000001,-0.40266944572822222
-1.0250000000000001,-0.40632917035358318
-1.0237499999999999,-0.40998889497894414
-1.0225,-0.40998889497894414
-1.02125,-0.41364861960430516
-1.02,-0.41730834422966612
-1.01875,-0.41730834422966612
-1.0175000000000001,-0.42096806885502708
-1.0162500000000001,-0.42096806885502708
-1.0150000000000001,-0.42462779348038804
-1.0137499999999999,-0.42462779348038804
-1.0125,-0.42828751810574905
-1.01125,-0.42828751810574905
-1.01,-0.42828751810574905
-1.00875,-0.42828751810574905
-1.0075000000000001,-0.42828751810574905
-1.0062500000000001,-0.42828751810574905
-1.0050000000000001,-0.42828751810574905
-1.0037499999999999,-0.42828751810574905
-1.0024999999999999,-0.42828751810574905
-1.00125,-0.42462779348038804
-1,-0.42462779348038804
-0.99875000000000003,-0.42096806885502708
-0.99750000000000005,-0.42096806885502708
-0.99625000000000008,-0.41730834422966612
-0.995,-0.41364861960430516
-0.99375000000000002,-0.41364861960430516
-0.99250000000000005,-0.40998889497894414
-0.99125000000000008,-0.40632917035358318
-0.98999999999999999,-0.40266944572822222
-0.98875000000000002,-0.39900972110286126
-0.98750000000000004,-0.39169027185213928
-0.98625000000000007,-0.38803054722677832
-0.98499999999999999,-0.38437082260141736
-0.98375000000000001,-0.3807110979760564
-0.98250000000000004,-0.37705137335069538
-0.98125000000000007,-0.36973192409997346
-0.97999999999999998,-0.3660721994746125
-0.97875000000000001,-0.36241247484925149
-0.97750000000000004,-0.35875275022389053
-0.97625000000000006,-0.35509302559852957
-0.97499999999999998,-0.35143330097316861
-0.97375,-0.34411385172244663
-0.97250000000000003,-0.34045412709708567
-0.97125000000000006,-0.33679440247172471
-0.96999999999999997,-0.32947495322100273
-0.96875,-0.32581522859564177
-0.96750000000000003,-0.32215550397028081
-0.96625000000000005,-0.31849577934491985
-0.96500000000000008,-0.31483605471955883
-0.96375,-0.31117633009419787
-0.96250000000000002,-0.30751660546883691
-0.96125000000000005,-0.30385688084347595
-0.96000000000000008,-0.30019715621811499
-0.95874999999999999,-0.30019715621811499
-0.95750000000000002,-0.29653743159275398
-0.95625000000000004,-0.29287770696739301
-0.95500000000000007,-0.28921798234203205
-0.95374999999999999,-0.28921798234203205
-0.95250000000000001,-0.28555825771667109
-0.95125000000000004,-0.28555825771667109
-0.95000000000000007,-0.28189853309131008
-0.94874999999999998,-0.28189853309131008
-0.94750000000000001,-0.28189853309131008
-0.94625000000000004,-0.28189853309131008
-0.94500000000000006,-0.28189853309131008
-0.94374999999999998,-0.28189853309131008
-0.9425,-0.28189853309131008
-0.94125000000000003,-0.28189853309131008
-0.94000000000000006,-0.28189853309131008
-0.93874999999999997,-0.28189853309131008
-0.9375,-0.28189853309131008
-0.93625000000000003,-0.28189853309131008
-0.93500000000000005,-0.28189853309131008
-0.93375000000000008,-0.28555825771667109
-0.9325,-0.28555825771667109
-0.93125000000000002,-0.28555825771667109
-0.93000000000000005,-0.28921798234203205
-0.92875000000000008,-0.28921798234203205
-0.92749999999999999,-0.28921798234203205
-0.92625000000000002,-0.29287770696739301
-0.92500000000000004,-0.29287770696739301
-0.92375000000000007,-0.29653743159275398
-0.92249999999999999,-0.29653743159275398
-0.92125000000000001,-0.29653743159275398
-0.92000000000000004,-0.30019715621811499
-0.91875000000000007,-0.30019715621811499
-0.91749999999999998,-0.30019715621811499
-0.91625000000000001,-0.30019715621811499
-0.91500000000000004,-0.30385688084347595
-0.91375000000000006,-0.30385688084347595
-0.91249999999999998,-0.30385688084347595
-0.91125,-0.30751660546883691
-0.91000000000000003,-0.30751660546883691
-0.90875000000000006,-0.31117633009419787
-0.90749999999999997,-0.31117633009419787
-0.90625,-0.31117633009419787
-0.90500000000000003,-0.31117633009419787
-0.90375000000000005,-0.31117633009419787
-0.90250000000000008,-0.31117633009419787
-0.90125,-0.31483605471955883
-0.90000000000000002,-0.31483605471955883
-0.89875000000000005,-0.31483605471955883
-0.89750000000000008,-0.31483605471955883
-0.89624999999999999,-0.31849577934491985
-0.89500000000000002,-0.31849577934491985
-0.89375000000000004,-0.31849577934491985
-0.89250000000000007,-0.31849577934491985
-0.89124999999999999,-0.32215550397028081
-0.89000000000000001,-0.32215550397028081
-0.88875000000000004,-0.32215550397028081
-0.88750000000000007,-0.32215550397028081
-0.88624999999999998,-0.32215550397028081
-0.88500000000000001,-0.32215550397028081
-0.88375000000000004,-0.32581522859564177
-0.88250000000000006,-0.32581522859564177
-0.88124999999999998,-0.32581522859564177
-0.88,-0.32581522859564177
-0.87875000000000003,-0.32581522859564177
-0.87750000000000006,-0.32581522859564177
-0.87624999999999997,-0.32581522859564177
-0.875,-0.32581522859564177
-0.87375000000000003,-0.32947495322100273
-0.87250000000000005,-0.32581522859564177
-0.87125000000000008,-0.32581522859564177
-0.87,-0.32581522859564177
-0.86875000000000002,-0.32581522859564177
-0.86750000000000005,-0.32581522859564177
-0.86625000000000008,-0.32581522859564177
-0.86499999999999999,-0.32581522859564177
-0.86375000000000002,-0.32581522859564177
-0.86250000000000004,-0.32215550397028081
-0.86125000000000007,-0.32215550397028081
-0.85999999999999999,-0.32215550397028081
-0.85875000000000001,-0.32215550397028081
-0.85750000000000004,-0.32215550397028081
-0.85625000000000007,-0.31849577934491985
-0.85499999999999998,-0.31849577934491985
-0.85375000000000001,-0.31483605471955883
-0.85250000000000004,-0.31483605471955883
-0.85125000000000006,-0.31117633009419787
-0.84999999999999998,-0.31117633009419787
-0.84875,-0.30751660546883691
-0.84750000000000003,-0.30751660546883691
-0.84625000000000006,-0.30751660546883691
-0.84499999999999997,-0.30385688084347595
-0.84375,-0.30385688084347595
-0.84250000000000003,-0.30019715621811499
-0.84125000000000005,-0.30019715621811499
-0.84000000000000008,-0.29653743159275398
-0.83875,-0.29653743159275398
-0.83750000000000002,-0.29653743159275398
-0.83625000000000005,-0.29287770696739301
-0.83500000000000008,-0.28921798234203205
-0.83374999999999999,-0.28921798234203205
-0.83250000000000002,-0.28555825771667109
-0.83125000000000004,-0.28555825771667109
-0.83000000000000007,-0.28189853309131008
-0.82874999999999999,-0.28189853309131008
-0.82750000000000001,-0.27823880846594912
-0.82625000000000004,-0.27823880846594912
-0.82500000000000007,-0.27457908384058816
-0.82374999999999998,-0.27457908384058816
-0.82250000000000001,-0.2709193592152272
-0.82125000000000004,-0.26725963458986624
-0.82000000000000006,-0.26725963458986624
-0.81874999999999998,-0.26359990996450522
-0.8175,-0.25994018533914426
-0.81625000000000003,-0.25994018533914426
-0.81500000000000006,-0.2562804607137833
-0.81374999999999997,-0.2562804607137833
-0.8125,-0.25262073608842234
-0.81125000000000003,-0.25262073608842234
-0.81000000000000005,-0.24896101146306135
-0.80875000000000008,-0.24530128683770036
-0.8075,-0.24530128683770036
-0.80625000000000002,-0.2416415622123394
-0.80500000000000005,-0.2416415622123394
-0.80375000000000008,-0.23798183758697841
-0.80249999999999999,-0.23798183758697841
-0.80125000000000002,-0.23432211296161745
-0.80000000000000004,-0.23066238833625649
-0.79875000000000007,-0.23066238833625649
-0.79749999999999999,-0.2270026637108955
-0.79625000000000001,-0.2270026637108955
-0.79500000000000004,-0.2270026637108955
-0.79375000000000007,-0.22334293908553454
-0.79249999999999998,-0.22334293908553454
-0.79125000000000001,-0.21968321446017355
-0.79000000000000004,-0.21968321446017355
-0.78875000000000006,-0.21968321446017355
-0.78749999999999998,-0.21602348983481259
-0.78625,-0.21602348983481259
-0.78500000000000003,-0.2123637652094516
-0.78375000000000006,-0.2123637652094516
-0.78249999999999997,-0.2123637652094516
-0.78125,-0.2123637652094516
-0.78000000000000003,-0.20870404058409064
-0.77875000000000005,-0.20870404058409064
-0.77750000000000008,-0.20870404058409064
-0.77625,-0.20870404058409064
-0.77500000000000002,-0.20504431595872966
-0.77375000000000005,-0.20504431595872966
-0.77250000000000008,-0.20504431595872966
-0.77124999999999999,-0.20504431595872966
-0.77000000000000002,-0.2013845913333687
-0.76875000000000004,-0.2013845913333687
-0.76750000000000007,-0.2013845913333687
-0.76624999999999999,-0.2013845913333687
-0.76500000000000001,-0.2013845913333687
-0.76375000000000004,-0.2013845913333687
-0.76250000000000007,-0.19772486670800771
-0.76124999999999998,-0.19772486670800771
-0.76000000000000001,-0.19772486670800771
-0.75875000000000004,-0.19772486670800771
-0.75750000000000006,-0.19772486670800771
-0.75624999999999998,-0.19772486670800771
-0.755,-0.19772486670800771
-0.75375000000000003,-0.19772486670800771
-0.75250000000000006,-0.19772486670800771
-0.75124999999999997,-0.2013845913333687
-0.75,-0.2013845913333687
-0.74875000000000003,-0.2013845913333687
-0.74750000000000005,-0.2013845913333687
-0.74625000000000008,-0.20504431595872966
-0.745,-0.20504431595872966
-0.74375000000000002,-0.20870404058409064
-0.74250000000000005,-0.20870404058409064
-0.74125000000000008,-0.2123637652094516
-0.73999999999999999,-0.21602348983481259
-0.73875000000000002,-0.21968321446017355
-0.73750000000000004,-0.21968321446017355
-0.73625000000000007,-0.22334293908553454
-0.73499999999999999,-0.2270026637108955
-0.73375000000000001,-0.23066238833625649
-0.73250000000000004,-0.23432211296161745
-0.73125000000000007,-0.2416415622123394
-0.72999999999999998,-0.24530128683770036
-0.72875000000000001,-0.24896101146306135
-0.72750000000000004,-0.25262073608842234
-0.72625000000000006,-0.25994018533914426
-0.72499999999999998,-0.26359990996450522
-0.72375,-0.2709193592152272
-0.72250000000000003,-0.27457908384058816
-0.72125000000000006,-0.28189853309131008
-0.71999999999999997,-0.28555825771667109
-0.71875,-0.29287770696739301
-0.71750000000000003,-0.30019715621811499
-0.71625000000000005,-0.30751660546883691
-0.71500000000000008,-0.31117633009419787
-0.71375,-0.31849577934491985
-0.71250000000000002,-0.32581522859564177
-0.71125000000000005,-0.33313467784636375
-0.71000000000000008,-0.34045412709708567
-0.70874999999999999,-0.34777357634780764
-0.70750000000000002,-0.35509302559852957
-0.70625000000000004,-0.36241247484925149
-0.70500000000000007,-0.3660721994746125
-0.70374999999999999,-0.37339164872533442
-0.70250000000000001,-0.37705137335069538
-0.70125000000000004,-0.38437082260141736
-0.70000000000000007,-0.38803054722677832
-0.69874999999999998,-0.39169027185213928
-0.69750000000000001,-0.39900972110286126
-0.69625000000000004,-0.40632917035358318
-0.69500000000000006,-0.40998889497894414
-0.69374999999999998,-0.41364861960430516
-0.6925,-0.42096806885502708
-0.69125000000000003,-0.42462779348038804
-0.69000000000000006,-0.42828751810574905
-0.68874999999999997,-0.43560696735647098
-0.6875,-0.43926669198183194
-0.68625000000000003,-0.4429264166071929
-0.68500000000000005,-0.4429264166071929
-0.68375000000000008,-0.44658614123255391
-0.6825,-0.45024586585791487
-0.68125000000000002,-0.45024586585791487
-0.68000000000000005,-0.45390559048327583
-0.67875000000000008,-0.45390559048327583
-0.67749999999999999,-0.45756531510863679
-0.67625000000000002,-0.45756531510863679
-0.67500000000000004,-0.46122503973399781
-0.67375000000000007,-0.46122503973399781
-0.67249999999999999,-0.46122503973399781
-0.67125000000000001,-0.45756531510863679
-0.67000000000000004,-0.45756531510863679
-0.66875000000000007,-0.45756531510863679
-0.66749999999999998,-0.45390559048327583
-0.66625000000000001,-0.45390559048327583
-0.66500000000000004,-0.45024586585791487
-0.66375000000000006,-0.44658614123255391
-0.66249999999999998,-0.4429264166071929
-0.66125,-0.43926669198183194
-0.66000000000000003,-0.43560696735647098
-0.65875000000000006,-0.43194724273111001
-0.65749999999999997,-0.42828751810574905
-0.65625,-0.42096806885502708
-0.65500000000000003,-0.41730834422966612
-0.65375000000000005,-0.40998889497894414
-0.65250000000000008,-0.40266944572822222
-0.65125,-0.39900972110286126
-0.65000000000000002,-0.39169027185213928
-0.64875000000000005,-0.38803054722677832
-0.64750000000000008,-0.3807110979760564
-0.64624999999999999,-0.37339164872533442
-0.64500000000000002,-0.36973192409997346
-0.64375000000000004,-0.36241247484925149
-0.64250000000000007,-0.35509302559852957
-0.64124999999999999,-0.35143330097316861
-0.64000000000000001,-0.34411385172244663
-0.63875000000000004,-0.33679440247172471
-0.63750000000000007,-0.32947495322100273
-0.63624999999999998,-0.32215550397028081
-0.63500000000000001,-0.31483605471955883
-0.63375000000000004,-0.30751660546883691
-0.63250000000000006,-0.30019715621811499
-0.63124999999999998,-0.29653743159275398
-0.63,-0.28921798234203205
-0.62875000000000003,-0.28189853309131008
-0.62750000000000006,-0.27457908384058816
-0.62624999999999997,-0.26725963458986624
-0.625,-0.26359990996450522
-0.62375000000000003,-0.2562804607137833
-0.62250000000000005,-0.24896101146306135
-0.62125000000000008,-0.2416415622123394
-0.62,-0.23432211296161745
-0.61875000000000002,-0.2270026637108955
-0.61750000000000005,-0.22334293908553454
-0.61625000000000008,-0.21602348983481259
-0.61499999999999999,-0.20870404058409064
-0.61375000000000002,-0.2013845913333687
-0.61250000000000004,-0.19772486670800771
-0.61125000000000007,-0.19040541745728579
-0.60999999999999999,-0.18308596820656384
-0.60875000000000001,-0.17942624358120285
-0.60750000000000004,-0.1721067943304809
-0.60625000000000007,-0.16478734507975895
-0.60499999999999998,-0.157467895829037
-0.60375000000000001,-0.15380817120367604
-0.60250000000000004,-0.14648872195295409
-0.60125000000000006,-0.14282899732759313
-0.59999999999999998,-0.13550954807687118
-0.59875,-0.12819009882614923
-0.59750000000000003,-0.12453037420078826
-0.59625000000000006,-0.12087064957542729
-0.59499999999999997,-0.11355120032470534
-0.59375,-0.10989147569934436
-0.59250000000000003,-0.10257202644862241
-0.59125000000000005,-0.098912301823261439
-0.59000000000000008,-0.095252577197900479
-0.58875,-0.08793312794717853
-0.58750000000000002,-0.084273403321817555
-0.58625000000000005,-0.080613678696456581
-0.58500000000000008,-0.073294229445734632
-0.58374999999999999,-0.069634504820373658
-0.58250000000000002,-0.065974780195012683
-0.58125000000000004,-0.062315055569651716
-0.58000000000000007,-0.058655330944290741
-0.57874999999999999,-0.054995606318929767
-0.57750000000000001,-0.051335881693568793
-0.57625000000000004,-0.047676157068207825
-0.57500000000000007,-0.044016432442846851
-0.57374999999999998,-0.044016432442846851
-0.57250000000000001,-0.040356707817485876
-0.57125000000000004,-0.036696983192124902
-0.57000000000000006,-0.036696983192124902
-0.56874999999999998,-0.033037258566763927
-0.5675,-0.033037258566763927
-0.56625000000000003,-0.029377533941402956
-0.56500000000000006,-0.029377533941402956
-0.56374999999999997,-0.029377533941402956
-0.5625,-0.025717809316041982
-0.56125000000000003,-0.025717809316041982
-0.56000000000000005,-0.025717809316041982
-0.55875000000000008,-0.025717809316041982
-0.5575,-0.025717809316041982
-0.55625000000000002,-0.025717809316041982
-0.55500000000000005,-0.025717809316041982
-0.55375000000000008,-0.025717809316041982
-0.55249999999999999,-0.029377533941402956
-0.55125000000000002,-0.029377533941402956
-0.55000000000000004,-0.029377533941402956
-0.54875000000000007,-0.033037258566763927
-0.54749999999999999,-0.033037258566763927
-0.54625000000000001,-0.036696983192124902
-0.54500000000000004,-0.040356707817485876
-0.54375000000000007,-0.040356707817485876
-0.54249999999999998,-0.044016432442846851
-0.54125000000000001,-0.047676157068207825
-0.54000000000000004,-0.051335881693568793
-0.53875000000000006,-0.054995606318929767
-0.53749999999999998,-0.058655330944290741
-0.53625,-0.062315055569651716
-0.53500000000000003,-0.065974780195012683
-0.53375000000000006,-0.069634504820373658
-0.53249999999999997,-0.073294229445734632
-0.53125,-0.076953954071095607
-0.53000000000000003,-0.084273403321817555
-0.52875000000000005,-0.08793312794717853
-0.52750000000000008,-0.095252577197900479
-0.52625,-0.098912301823261439
-0.52500000000000002,-0.10257202644862241
-0.52375000000000005,-0.10989147569934436
-0.52250000000000008,-0.11355120032470534
-0.52124999999999999,-0.12087064957542729
-0.52000000000000002,-0.12453037420078826
-0.51875000000000004,-0.12819009882614923
-0.51750000000000007,-0.13550954807687118
-0.51624999999999999,-0.14282899732759313
-0.51500000000000001,-0.14648872195295409
-0.51375000000000004,-0.15380817120367604
-0.51250000000000007,-0.157467895829037
-0.51124999999999998,-0.16478734507975895
-0.51000000000000001,-0.1721067943304809
-0.50875000000000004,-0.17942624358120285
-0.50750000000000006,-0.1867456928319248
-0.50624999999999998,-0.19040541745728579
-0.505,-0.19772486670800771
-0.50375000000000003,-0.2013845913333687
-0.50250000000000006,-0.20870404058409064
-0.50124999999999997,-0.2123637652094516
-0.5,-0.21968321446017355
-0.49875000000000003,-0.2270026637108955
-0.49750000000000005,-0.23066238833625649
-0.49625000000000002,-0.23798183758697841
-0.49500000000000005,-0.24530128683770036
-0.49375000000000002,-0.24896101146306135
-0.49250000000000005,-0.2562804607137833
-0.49125000000000002,-0.25994018533914426
-0.49000000000000005,-0.26725963458986624
-0.48875000000000002,-0.2709193592152272
-0.48750000000000004,-0.27457908384058816
-0.48625000000000002,-0.27823880846594912
-0.48500000000000004,-0.28555825771667109
-0.48375000000000001,-0.28921798234203205
-0.48250000000000004,-0.29287770696739301
-0.48125000000000001,-0.29653743159275398
-0.48000000000000004,-0.30385688084347595
-0.47875000000000001,-0.30751660546883691
-0.47750000000000004,-0.31117633009419787
-0.47625000000000001,-0.31483605471955883
-0.47500000000000003,-0.31849577934491985
-0.47375,-0.32215550397028081
-0.47250000000000003,-0.32215550397028081
-0.47125,-0.32581522859564177
-0.47000000000000003,-0.32581522859564177
-0.46875,-0.32947495322100273
-0.46750000000000003,-0.33313467784636375
-0.46625000000000005,-0.33313467784636375
-0.46500000000000002,-0.33679440247172471
-0.46375000000000005,-0.33679440247172471
-0.46250000000000002,-0.34045412709708567
-0.46125000000000005,-0.34045412709708567
-0.46000000000000002,-0.34045412709708567
-0.45875000000000005,-0.34045412709708567
-0.45750000000000002,-0.34045412709708567
-0.45625000000000004,-0.34045412709708567
-0.45500000000000002,-0.34045412709708567
-0.45375000000000004,-0.34045412709708567
-0.45250000000000001,-0.34045412709708567
-0.45125000000000004,-0.33679440247172471
-0.45000000000000001,-0.33679440247172471
-0.44875000000000004,-0.33679440247172471
-0.44750000000000001,-0.33313467784636375
-0.44625000000000004,-0.33313467784636375
-0.44500000000000001,-0.32947495322100273
-0.44375000000000003,-0.32947495322100273
-0.4425,-0.32947495322100273
-0.44125000000000003,-0.32581522859564177
-0.44,-0.32215550397028081
-0.43875000000000003,-0.32215550397028081
-0.4375,-0.31849577934491985
-0.43625000000000003,-0.31849577934491985
-0.43500000000000005,-0.31483605471955883
-0.43375000000000002,-0.31483605471955883
-0.43250000000000005,-0.31117633009419787
-0.43125000000000002,-0.30751660546883691
-0.43000000000000005,-0.30751660546883691
-0.42875000000000002,-0.30385688084347595
-0.42750000000000005,-0.30019715621811499
-0.42625000000000002,-0.30019715621811499
-0.42500000000000004,-0.29653743159275398
-0.42375000000000002,-0.29653743159275398
-0.42250000000000004,-0.29287770696739301
-0.42125000000000001,-0.28921798234203205
-0.42000000000000004,-0.28921798234203205
-0.41875000000000001,-0.28555825771667109
-0.41750000000000004,-0.28189853309131008
-0.41625000000000001,-0.27823880846594912
-0.41500000000000004,-0.27823880846594912
-0.41375000000000001,-0.27457908384058816
-0.41250000000000003,-0.2709193592152272
-0.41125,-0.2709193592152272
-0.41000000000000003,-0.26725963458986624
-0.40875,-0.26359990996450522
-0.40750000000000003,-0.26359990996450522
-0.40625,-0.25994018533914426
-0.40500000000000003,-0.2562804607137833
-0.40375000000000005,-0.25262073608842234
-0.40250000000000002,-0.24896101146306135
-0.40125000000000005,-0.24896101146306135
-0.40000000000000002,-0.24530128683770036
-0.39875000000000005,-0.2416415622123394
-0.39750000000000002,-0.23798183758697841
-0.39625000000000005,-0.23432211296161745
-0.39500000000000002,-0.23432211296161745
-0.39375000000000004,-0.23066238833625649
-0.39250000000000002,-0.2270026637108955
-0.39125000000000004,-0.22334293908553454
-0.39000000000000001,-0.21968321446017355
-0.38875000000000004,-0.21602348983481259
-0.38750000000000001,-0.2123637652094516
-0.38625000000000004,-0.20870404058409064
-0.38500000000000001,-0.20870404058409064
-0.38375000000000004,-0.20504431595872966
-0.38250000000000001,-0.2013845913333687
-0.38125000000000003,-0.19772486670800771
-0.38,-0.19406514208264675
-0.37875000000000003,-0.19040541745728579
-0.3775,-0.19040541745728579
-0.37625000000000003,-0.1867456928319248
-0.375,-0.18308596820656384
-0.37375000000000003,-0.17942624358120285
-0.37250000000000005,-0.17576651895584189
-0.37125000000000002,-0.17576651895584189
-0.37000000000000005,-0.1721067943304809
-0.36875000000000002,-0.16844706970511994
-0.36750000000000005,-0.16478734507975895
-0.36625000000000002,-0.16112762045439799
-0.36500000000000005,-0.16112762045439799
-0.36375000000000002,-0.157467895829037
-0.36250000000000004,-0.15380817120367604
-0.36125000000000002,-0.15380817120367604
-0.36000000000000004,-0.15014844657831508
-0.35875000000000001,-0.15014844657831508
-0.35750000000000004,-0.14648872195295409
-0.35625000000000001,-0.14282899732759313
-0.35500000000000004,-0.14282899732759313
-0.35375000000000001,-0.13916927270223214
-0.35250000000000004,-0.13916927270223214
-0.35125000000000001,-0.13550954807687118
-0.35000000000000003,-0.13550954807687118
-0.34875,-0.1318498234515102
-0.34750000000000003,-0.12819009882614923
-0.34625,-0.12819009882614923
-0.34500000000000003,-0.12819009882614923
-0.34375,-0.12819009882614923
-0.34250000000000003,-0.12453037420078826
-0.34125000000000005,-0.12453037420078826
-0.34000000000000002,-0.12453037420078826
-0.33875000000000005,-0.12453037420078826
-0.33750000000000002,-0.12087064957542729
-0.33625000000000005,-0.12087064957542729
-0.33500000000000002,-0.12087064957542729
-0.33375000000000005,-0.12087064957542729
-0.33250000000000002,-0.12087064957542729
-0.33125000000000004,-0.12087064957542729
-0.33000000000000002,-0.12087064957542729
-0.32875000000000004,-0.12453037420078826
-0.32750000000000001,-0.12453037420078826
-0.32625000000000004,-0.12453037420078826
-0.32500000000000001,-0.12819009882614923
-0.32375000000000004,-0.12819009882614923
-0.32250000000000001,-0.1318498234515102
-0.32125000000000004,-0.1318498234515102
-0.32000000000000001,-0.13550954807687118
-0.31875000000000003,-0.13550954807687118
-0.3175,-0.13916927270223214
-0.31625000000000003,-0.13916927270223214
-0.315,-0.14282899732759313
-0.31375000000000003,-0.14648872195295409
-0.3125,-0.14648872195295409
-0.31125000000000003,-0.15014844657831508
-0.31000000000000005,-0.15380817120367604
-0.30875000000000002,-0.157467895829037
-0.30750000000000005,-0.16112762045439799
-0.30625000000000002,-0.16478734507975895
-0.30500000000000005,-0.16844706970511994
-0.30375000000000002,-0.17576651895584189
-0.30250000000000005,-0.17942624358120285
-0.30125000000000002,-0.18308596820656384
-0.30000000000000004,-0.19040541745728579
-0.29875000000000002,-0.19406514208264675
-0.29750000000000004,-0.19772486670800771
-0.29625000000000001,-0.20504431595872966
-0.29500000000000004,-0.20870404058409064
-0.29375000000000001,-0.21602348983481259
-0.29250000000000004,-0.21968321446017355
-0.29125000000000001,-0.2270026637108955
-0.29000000000000004,-0.23066238833625649
-0.28875000000000001,-0.23798183758697841
-0.28750000000000003,-0.2416415622123394
-0.28625,-0.24896101146306135
-0.28500000000000003,-0.25262073608842234
-0.28375,-0.2562804607137833
-0.28250000000000003,-0.26359990996450522
-0.28125,-0.26725963458986624
-0.28000000000000003,-0.2709193592152272
-0.27875000000000005,-0.27457908384058816
-0.27750000000000002,-0.27823880846594912
-0.27625000000000005,-0.28555825771667109
-0.27500000000000002,-0.28921798234203205
-0.27375000000000005,-0.29287770696739301
-0.27250000000000002,-0.29653743159275398
-0.27125000000000005,-0.30019715621811499
-0.27000000000000002,-0.30385688084347595
-0.26875000000000004,-0.30751660546883691
-0.26750000000000002,-0.30751660546883691
-0.26625000000000004,-0.31117633009419787
-0.26500000000000001,-0.31483605471955883
-0.26375000000000004,-0.31483605471955883
-0.26250000000000001,-0.31849577934491985
-0.26125000000000004,-0.31849577934491985
-0.26000000000000001,-0.32215550397028081
-0.25875000000000004,-0.32581522859564177
-0.25750000000000001,-0.32581522859564177
-0.25625000000000003,-0.32581522859564177
-0.255,-0.32581522859564177
-0.25375000000000003,-0.32581522859564177
-0.2525,-0.32581522859564177
-0.25125000000000003,-0.32581522859564177
-0.24999999999999997,-0.32581522859564177
-0.24875,-0.32581522859564177
-0.2475,-0.32215550397028081
-0.24625,-0.32215550397028081
-0.245,-0.32215550397028081
-0.24374999999999999,-0.31849577934491985
-0.24249999999999999,-0.31849577934491985
-0.24124999999999999,-0.31483605471955883
-0.23999999999999999,-0.31117633009419787
-0.23874999999999999,-0.31117633009419787
-0.23749999999999999,-0.30751660546883691
-0.23624999999999999,-0.30385688084347595
-0.23499999999999999,-0.30019715621811499
-0.23374999999999999,-0.29653743159275398
-0.23250000000000001,-0.29287770696739301
-0.23125000000000001,-0.28921798234203205
-0.23000000000000001,-0.28921798234203205
-0.22875000000000001,-0.28555825771667109
-0.22750000000000001,-0.28189853309131008
-0.22625000000000001,-0.28189853309131008
-0.22500000000000001,-0.27823880846594912
-0.22375,-0.27457908384058816
-0.2225,-0.2709193592152272
-0.22125,-0.2709193592152272
-0.22,-0.26725963458986624
-0.21875,-0.26359990996450522
-0.2175,-0.26359990996450522
-0.21625,-0.25994018533914426
-0.215,-0.2562804607137833
-0.21375,-0.2562804607137833
-0.21249999999999999,-0.2562804607137833
-0.21124999999999999,-0.25262073608842234
-0.20999999999999999,-0.25262073608842234
-0.20874999999999999,-0.25262073608842234
-0.20749999999999999,-0.24896101146306135
-0.20624999999999999,-0.24896101146306135
-0.20499999999999999,-0.24896101146306135
-0.20374999999999999,-0.24530128683770036
-0.20249999999999999,-0.24530128683770036
-0.20125000000000001,-0.24530128683770036
-0.20000000000000001,-0.24530128683770036
-0.19875000000000001,-0.2416415622123394
-0.19750000000000001,-0.2416415622123394
-0.19625000000000001,-0.2416415622123394
-0.19500000000000001,-0.2416415622123394
-0.19375000000000001,-0.2416415622123394
-0.1925,-0.2416415622123394
-0.19125,-0.2416415622123394
-0.19,-0.2416415622123394
-0.18875,-0.2416415622123394
-0.1875,-0.2416415622123394
-0.18625,-0.2416415622123394
-0.185,-0.2416415622123394
-0.18375,-0.2416415622123394
-0.1825,-0.24530128683770036
-0.18124999999999999,-0.2416415622123394
-0.17999999999999999,-0.24530128683770036
-0.17874999999999999,-0.24530128683770036
-0.17749999999999999,-0.24530128683770036
-0.17624999999999999,-0.24896101146306135
-0.17499999999999999,-0.24896101146306135
-0.17374999999999999,-0.24896101146306135
-0.17249999999999999,-0.24896101146306135
-0.17124999999999999,-0.24896101146306135
-0.17000000000000001,-0.24896101146306135
-0.16875000000000001,-0.25262073608842234
-0.16750000000000001,-0.25262073608842234
-0.16625000000000001,-0.25262073608842234
-0.16500000000000001,-0.25262073608842234
-0.16375000000000001,-0.25262073608842234
-0.16250000000000001,-0.2562804607137833
-0.16125,-0.2562804607137833
-0.16,-0.25994018533914426
-0.15875,-0.25994018533914426
-0.1575,-0.26359990996450522
-0.15625,-0.26359990996450522
-0.155,-0.26359990996450522
-0.15375,-0.26359990996450522
-0.1525,-0.26359990996450522
-0.15125,-0.26725963458986624
-0.14999999999999999,-0.26725963458986624
-0.14874999999999999,-0.26725963458986624
-0.14749999999999999,-0.26725963458986624
-0.14624999999999999,-0.2709193592152272
-0.14499999999999999,-0.2709193592152272
-0.14374999999999999,-0.27457908384058816
-0.14249999999999999,-0.27457908384058816
-0.14124999999999999,-0.27457908384058816
-0.13999999999999999,-0.27823880846594912
-0.13875000000000001,-0.27823880846594912
-0.13750000000000001,-0.27823880846594912
-0.13625000000000001,-0.28189853309131008
-0.13500000000000001,-0.28189853309131008
-0.13375000000000001,-0.28189853309131008
-0.13250000000000001,-0.28555825771667109
-0.13125000000000001,-0.28555825771667109
-0.13,-0.28921798234203205
-0.12875,-0.28921798234203205
-0.1275,-0.29287770696739301
-0.12625,-0.29287770696739301
-0.125,-0.29653743159275398
-0.12375,-0.29653743159275398
-0.1225,-0.30019715621811499
-0.12125,-0.30019715621811499
-0.12,-0.30385688084347595
-0.11874999999999999,-0.30751660546883691
-0.11749999999999999,-0.30751660546883691
-0.11624999999999999,-0.31117633009419787
-0.115,-0.31117633009419787
-0.11375,-0.31483605471955883
-0.1125,-0.31849577934491985
-0.11125,-0.31849577934491985
-0.11,-0.32215550397028081
-0.10875,-0.32215550397028081
-0.1075,-0.32581522859564177
-0.10625,-0.32581522859564177
-0.105,-0.32947495322100273
-0.10375,-0.32947495322100273
-0.10249999999999999,-0.32947495322100273
-0.10124999999999999,-0.32947495322100273
-0.10000000000000001,-0.33313467784636375
-0.098750000000000004,-0.33313467784636375
-0.097500000000000003,-0.33313467784636375
-0.096250000000000002,-0.33313467784636375
-0.095000000000000001,-0.33313467784636375
-0.09375,-0.33313467784636375
-0.092499999999999999,-0.33313467784636375
-0.091249999999999998,-0.33313467784636375
-0.089999999999999997,-0.32947495322100273
-0.088749999999999996,-0.32947495322100273
-0.087499999999999994,-0.32947495322100273
-0.086249999999999993,-0.32581522859564177
-0.084999999999999992,-0.32215550397028081
-0.083750000000000005,-0.32215550397028081
-0.082500000000000004,-0.31849577934491985
-0.081250000000000003,-0.31849577934491985
-0.080000000000000002,-0.31483605471955883
-0.078750000000000001,-0.31117633009419787
-0.077499999999999999,-0.30751660546883691
-0.076249999999999998,-0.30751660546883691
-0.074999999999999997,-0.30385688084347595
-0.073749999999999996,-0.30019715621811499
-0.072499999999999995,-0.29653743159275398
-0.071249999999999994,-0.28921798234203205
-0.069999999999999993,-0.28555825771667109
-0.068750000000000006,-0.28189853309131008
-0.067500000000000004,-0.27823880846594912
-0.066250000000000003,-0.27457908384058816
-0.065000000000000002,-0.2709193592152272
-0.063750000000000001,-0.26725963458986624
-0.0625,-0.26359990996450522
-0.061249999999999999,-0.25994018533914426
-0.059999999999999998,-0.2562804607137833
-0.058749999999999997,-0.24896101146306135
-0.057499999999999996,-0.24530128683770036
-0.056250000000000001,-0.2416415622123394
-0.055,-0.23432211296161745
-0.053749999999999999,-0.23066238833625649
-0.052499999999999998,-0.2270026637108955
-0.051249999999999997,-0.21968321446017355
-0.049999999999999996,-0.21602348983481259
-0.048750000000000002,-0.2123637652094516
-0.047500000000000001,-0.20504431595872966
-0.046249999999999999,-0.2013845913333687
-0.044999999999999998,-0.19406514208264675
-0.043749999999999997,-0.19040541745728579
-0.042499999999999996,-0.1867456928319248
-0.041250000000000002,-0.17942624358120285
-0.040000000000000001,-0.17576651895584189
-0.03875,-0.16844706970511994
-0.037499999999999999,-0.16112762045439799
-0.036249999999999998,-0.157467895829037
-0.034999999999999996,-0.15014844657831508
-0.033750000000000002,-0.14282899732759313
-0.032500000000000001,-0.13916927270223214
-0.03125,-0.1318498234515102
-0.029999999999999999,-0.12453037420078826
-0.028749999999999998,-0.12087064957542729
-0.0275,-0.11355120032470534
-0.026249999999999999,-0.10623175107398339
-0.024999999999999998,-0.10257202644862241
-0.02375,-0.095252577197900479
-0.022499999999999999,-0.08793312794717853
-0.021249999999999998,-0.084273403321817555
-0.02,-0.076953954071095607
-0.018749999999999999,-0.069634504820373658
-0.017499999999999998,-0.062315055569651716
-0.016250000000000001,-0.058655330944290741
-0.015000000000000001,-0.051335881693568793
-0.01375,-0.047676157068207825
-0.012500000000000001,-0.040356707817485876
-0.011250000000000001,-0.036696983192124902
-0.01,-0.033037258566763927
-0.0087500000000000008,-0.025717809316041982
-0.0075000000000000006,-0.022058084690681011
-0.0062499999999999995,-0.018398360065320037
-0.0050000000000000001,-0.014738635439959064
-0.0037499999999999999,-0.011078910814598091
-0.0024999999999999996,-0.0074191861892371177
-0.00125,-0.0037594615638761445
0,-9.9736938515171403e-05
0.00125,0.0035599876868458017
0.0025000000000000001,0.0035599876868458017
0.0037499999999999999,0.0072197123122067748
0.0050000000000000001,0.0072197123122067748
0.0062500000000000003,0.0072197123122067748
0.0075000000000000006,0.010879436937567748
0.0087499999999999991,0.010879436937567748
0.01,0.010879436937567748
0.01125,0.010879436937567748
0.012499999999999999,0.014539161562928721
0.01375,0.014539161562928721
0.014999999999999999,0.014539161562928721
0.016250000000000001,0.010879436937567748
0.017500000000000002,0.010879436937567748
0.018750000000000003,0.010879436937567748
0.02,0.010879436937567748
0.021250000000000002,0.0072197123122067748
0.022500000000000003,0.0072197123122067748
0.02375,0.0035599876868458017
0.025000000000000001,-9.9736938515171403e-05
0.026250000000000002,-9.9736938515171403e-05
0.0275,-0.0037594615638761445
0.028750000000000001,-0.0074191861892371177
0.030000000000000002,-0.011078910814598091
0.03125,-0.014738635439959064
0.032500000000000001,-0.014738635439959064
0.033750000000000002,-0.018398360065320037
0.035000000000000003,-0.022058084690681011
0.036250000000000004,-0.025717809316041982
0.037499999999999999,-0.033037258566763927
0.03875,-0.036696983192124902
0.040000000000000001,-0.044016432442846851
0.041250000000000002,-0.047676157068207825
0.042500000000000003,-0.054995606318929767
0.043750000000000004,-0.058655330944290741
0.044999999999999998,-0.065974780195012683
0.046249999999999999,-0.073294229445734632
0.047500000000000001,-0.076953954071095607
0.048750000000000002,-0.084273403321817555
0.050000000000000003,-0.091592852572539504
0.051250000000000004,-0.098912301823261439
0.052499999999999998,-0.10623175107398339
0.053749999999999999,-0.11355120032470534
0.055,-0.12087064957542729
0.056250000000000001,-0.12819009882614923
0.057500000000000002,-0.13550954807687118
0.058750000000000004,-0.14648872195295409
0.059999999999999998,-0.15380817120367604
0.061249999999999999,-0.16112762045439799
0.0625,-0.16844706970511994
0.063750000000000001,-0.17942624358120285
0.065000000000000002,-0.1867456928319248
0.066250000000000003,-0.19406514208264675
0.067500000000000004,-0.2013845913333687
0.068750000000000006,-0.2123637652094516
0.070000000000000007,-0.21968321446017355
0.071250000000000008,-0.2270026637108955
0.072499999999999995,-0.23798183758697841
0.073749999999999996,-0.24530128683770036
0.074999999999999997,-0.25262073608842234
0.076249999999999998,-0.26359990996450522
0.077499999999999999,-0.2709193592152272
0.078750000000000001,-0.27823880846594912
0.080000000000000002,-0.28555825771667109
0.081250000000000003,-0.29287770696739301
0.082500000000000004,-0.30019715621811499
0.083750000000000005,-0.30751660546883691
0.085000000000000006,-0.31483605471955883
0.086250000000000007,-0.31849577934491985
0.087499999999999994,-0.32581522859564177
0.088749999999999996,-0.33313467784636375
0.089999999999999997,-0.34045412709708567
0.091249999999999998,-0.34777357634780764
0.092499999999999999,-0.35143330097316861
0.09375,-0.35875275022389053
0.095000000000000001,-0.36241247484925149
0.096250000000000002,-0.36973192409997346
0.097500000000000003,-0.37339164872533442
0.098750000000000004,-0.37705137335069538
0.10000000000000001,-0.3807110979760564
0.10125000000000001,-0.38437082260141736
0.10250000000000001,-0.39169027185213928
0.10375,-0.39534999647750024
0.105,-0.39900972110286126
0.10625,-0.40266944572822222
0.1075,-0.40632917035358318
0.10875,-0.40998889497894414
0.11,-0.40998889497894414
0.11125,-0.41364861960430516
0.1125,-0.41730834422966612
0.11375,-0.41730834422966612
0.115,-0.42096806885502708
0.11625000000000001,-0.42096806885502708
0.11750000000000001,-0.42462779348038804
0.11874999999999999,-0.42462779348038804
0.12,-0.42828751810574905
0.12125,-0.42828751810574905
0.1225,-0.42828751810574905
0.12375,-0.42828751810574905
0.125,-0.42828751810574905
0.12625,-0.42828751810574905
0.1275,-0.42462779348038804
0.12875,-0.42462779348038804
0.13,-0.42462779348038804
0.13125000000000001,-0.42096806885502708
0.13250000000000001,-0.41730834422966612
0.13375000000000001,-0.41730834422966612
0.13500000000000001,-0.41364861960430516
0.13625000000000001,-0.40998889497894414
0.13750000000000001,-0.40998889497894414
0.13875000000000001,-0.40632917035358318
0.14000000000000001,-0.39900972110286126
0.14125000000000001,-0.39900972110286126
0.14249999999999999,-0.39169027185213928
0.14374999999999999,-0.38803054722677832
0.14499999999999999,-0.38437082260141736
0.14624999999999999,-0.3807110979760564
0.14749999999999999,-0.37339164872533442
0.14874999999999999,-0.36973192409997346
0.14999999999999999,-0.36241247484925149
0.15125,-0.35509302559852957
0.1525,-0.35143330097316861
0.15375,-0.34411385172244663
0.155,-0.33679440247172471
0.15625,-0.33313467784636375
0.1575,-0.32581522859564177
0.15875,-0.31849577934491985
0.16,-0.31117633009419787
0.16125,-0.30385688084347595
0.16250000000000001,-0.29653743159275398
0.16375000000000001,-0.28921798234203205
0.16500000000000001,-0.28189853309131008
0.16625000000000001,-0.2709193592152272
0.16750000000000001,-0.26359990996450522
0.16875000000000001,-0.2562804607137833
0.17000000000000001,-0.24896101146306135
0.17125000000000001,-0.2416415622123394
0.17250000000000001,-0.23432211296161745
0.17374999999999999,-0.2270026637108955
0.17499999999999999,-0.21968321446017355
0.17624999999999999,-0.2123637652094516
0.17749999999999999,-0.20504431595872966
0.17874999999999999,-0.19772486670800771
0.17999999999999999,-0.19040541745728579
0.18124999999999999,-0.18308596820656384
0.1825,-0.17576651895584189
0.18375,-0.16844706970511994
0.185,-0.16112762045439799
0.18625,-0.157467895829037
0.1875,-0.15014844657831508
0.18875,-0.14648872195295409
0.19,-0.14282899732759313
0.19125,-0.13550954807687118
0.1925,-0.1318498234515102
0.19375000000000001,-0.12819009882614923
0.19500000000000001,-0.12453037420078826
0.19625000000000001,-0.12087064957542729
0.19750000000000001,-0.11721092495006631
0.19875000000000001,-0.11355120032470534
0.20000000000000001,-0.10989147569934436
0.20125000000000001,-0.10623175107398339
0.20250000000000001,-0.10623175107398339
0.20375000000000001,-0.10257202644862241
0.20499999999999999,-0.10257202644862241
0.20624999999999999,-0.10257202644862241
0.20749999999999999,-0.10257202644862241
0.20874999999999999,-0.10257202644862241
0.20999999999999999,-0.10257202644862241
0.21124999999999999,-0.10257202644862241
0.21249999999999999,-0.10257202644862241
0.21375,-0.10257202644862241
0.215,-0.10257202644862241
0.21625,-0.10623175107398339
0.2175,-0.10623175107398339
0.21875,-0.10989147569934436
0.22,-0.10989147569934436
0.22125,-0.11355120032470534
0.2225,-0.11721092495006631
0.22375,-0.12087064957542729
0.22500000000000001,-0.12453037420078826
0.22625000000000001,-0.12819009882614923
0.22750000000000001,-0.1318498234515102
0.22875000000000001,-0.13550954807687118
0.23000000000000001,-0.14282899732759313
0.23125000000000001,-0.14648872195295409
0.23250000000000001,-0.15014844657831508
0.23375000000000001,-0.157467895829037
0.23500000000000001,-0.16478734507975895
0.23624999999999999,-0.16844706970511994
0.23749999999999999,-0.17576651895584189
0.23874999999999999,-0.18308596820656384
0.23999999999999999,-0.19040541745728579
0.24124999999999999,-0.19772486670800771
0.24249999999999999,-0.2013845913333687
0.24374999999999999,-0.20870404058409064
0.245,-0.2123637652094516
0.24625,-0.21968321446017355
0.2475,-0.2270026637108955
0.24875,-0.23066238833625649
0.25,-0.23798183758697841
0.25124999999999997,-0.2416415622123394
0.25249999999999995,-0.24896101146306135
0.25374999999999998,-0.2562804607137833
0.25499999999999995,-0.25994018533914426
0.25624999999999998,-0.26359990996450522
0.25749999999999995,-0.2709193592152272
0.25874999999999998,-0.27457908384058816
0.25999999999999995,-0.27823880846594912
0.26124999999999998,-0.28189853309131008
0.26249999999999996,-0.28555825771667109
0.26374999999999998,-0.28921798234203205
0.26499999999999996,-0.28921798234203205
0.26624999999999999,-0.29287770696739301
0.26749999999999996,-0.29653743159275398
0.26874999999999999,-0.30019715621811499
0.26999999999999996,-0.30019715621811499
0.27124999999999999,-0.30385688084347595
0.27249999999999996,-0.30385688084347595
0.27374999999999999,-0.30751660546883691
0.27499999999999997,-0.30751660546883691
0.27625,-0.30751660546883691
0.27749999999999997,-0.31117633009419787
0.27875,-0.31117633009419787
0.27999999999999997,-0.31117633009419787
0.28125,-0.31117633009419787
0.28249999999999997,-0.30751660546883691
0.28374999999999995,-0.30751660546883691
0.28499999999999998,-0.30751660546883691
0.28624999999999995,-0.30385688084347595
0.28749999999999998,-0.30385688084347595
0.28874999999999995,-0.30385688084347595
0.28999999999999998,-0.30019715621811499
0.29124999999999995,-0.30019715621811499
0.29249999999999998,-0.29653743159275398
0.29374999999999996,-0.29653743159275398
0.29499999999999998,-0.29287770696739301
0.29624999999999996,-0.28921798234203205
0.29749999999999999,-0.28555825771667109
0.29874999999999996,-0.28555825771667109
0.29999999999999999,-0.28189853309131008
0.30124999999999996,-0.27823880846594912
0.30249999999999999,-0.27823880846594912
0.30374999999999996,-0.27457908384058816
0.30499999999999999,-0.2709193592152272
0.30624999999999997,-0.2709193592152272
0.3075,-0.26725963458986624
0.30874999999999997,-0.26359990996450522
0.31,-0.26359990996450522
0.31124999999999997,-0.25994018533914426
0.3125,-0.2562804607137833
0.31374999999999997,-0.2562804607137833
0.31499999999999995,-0.25262073608842234
0.31624999999999998,-0.25262073608842234
0.31749999999999995,-0.24896101146306135
0.31874999999999998,-0.24896101146306135
0.31999999999999995,-0.24530128683770036
0.32124999999999998,-0.24530128683770036
0.32249999999999995,-0.2416415622123394
0.32374999999999998,-0.2416415622123394
0.32499999999999996,-0.2416415622123394
0.32624999999999998,-0.23798183758697841
0.32749999999999996,-0.23798183758697841
0.32874999999999999,-0.23798183758697841
0.32999999999999996,-0.23798183758697841
0.33124999999999999,-0.23798183758697841
0.33249999999999996,-0.23432211296161745
0.33374999999999999,-0.23432211296161745
0.33499999999999996,-0.23432211296161745
0.33624999999999999,-0.23432211296161745
0.33749999999999997,-0.23432211296161745
0.33875,-0.23432211296161745
0.33999999999999997,-0.23432211296161745
0.34125,-0.23432211296161745
0.34249999999999997,-0.23432211296161745
0.34375,-0.23432211296161745
0.34499999999999997,-0.23432211296161745
0.34624999999999995,-0.23432211296161745
0.34749999999999998,-0.23432211296161745
0.34874999999999995,-0.23432211296161745
0.34999999999999998,-0.23798183758697841
0.35124999999999995,-0.23798183758697841
0.35249999999999998,-0.23798183758697841
0.35374999999999995,-0.23798183758697841
0.35499999999999998,-0.23798183758697841
0.35624999999999996,-0.23798183758697841
0.35749999999999998,-0.23798183758697841
0.35874999999999996,-0.23798183758697841
0.35999999999999999,-0.23798183758697841
0.36124999999999996,-0.2416415622123394
0.36249999999999999,-0.2416415622123394
0.36374999999999996,-0.2416415622123394
0.36499999999999999,-0.2416415622123394
0.36624999999999996,-0.2416415622123394
0.36749999999999999,-0.2416415622123394
0.36874999999999997,-0.2416415622123394
0.37,-0.2416415622123394
0.37124999999999997,-0.2416415622123394
0.3725,-0.2416415622123394
0.37374999999999997,-0.2416415622123394
0.375,-0.2416415622123394
0.37624999999999997,-0.2416415622123394
0.37749999999999995,-0.2416415622123394
0.37874999999999998,-0.2416415622123394
0.37999999999999995,-0.2416415622123394
0.38124999999999998,-0.2416415622123394
0.38249999999999995,-0.2416415622123394
0.38374999999999998,-0.2416415622123394
0.38499999999999995,-0.2416415622123394
0.38624999999999998,-0.2416415622123394
0.38749999999999996,-0.2416415622123394
0.38874999999999998,-0.2416415622123394
0.38999999999999996,-0.2416415622123394
0.39124999999999999,-0.2416415622123394
0.39249999999999996,-0.2416415622123394
0.39374999999999999,-0.2416415622123394
0.39499999999999996,-0.2416415622123394
0.39624999999999999,-0.23798183758697841
0.39749999999999996,-0.2416415622123394
0.39874999999999999,-0.2416415622123394
0.39999999999999997,-0.23798183758697841
0.40125,-0.23798183758697841
0.40249999999999997,-0.23798183758697841
0.40375,-0.2416415622123394
0.40499999999999997,-0.2416415622123394
0.40625,-0.2416415622123394
0.40749999999999997,-0.2416415622123394
0.40874999999999995,-0.2416415622123394
0.40999999999999998,-0.2416415622123394
0.41124999999999995,-0.2416415622123394
0.41249999999999998,-0.2416415622123394
0.41374999999999995,-0.2416415622123394
0.41499999999999998,-0.24530128683770036
0.41624999999999995,-0.24530128683770036
0.41749999999999998,-0.24530128683770036
0.41874999999999996,-0.24896101146306135
0.41999999999999998,-0.24896101146306135
0.42124999999999996,-0.25262073608842234
0.42249999999999999,-0.25262073608842234
0.42374999999999996,-0.25262073608842234
0.42499999999999999,-0.2562804607137833
0.42624999999999996,-0.2562804607137833
0.42749999999999999,-0.25994018533914426
0.42874999999999996,-0.26359990996450522
0.42999999999999999,-0.26359990996450522
0.43124999999999997,-0.26359990996450522
0.4325,-0.26725963458986624
0.43374999999999997,-0.26725963458986624
0.435,-0.2709193592152272
0.43624999999999997,-0.27457908384058816
0.4375,-0.27457908384058816
0.43874999999999997,-0.27823880846594912
0.43999999999999995,-0.27823880846594912
0.44124999999999998,-0.28189853309131008
0.44249999999999995,-0.28555825771667109
0.44374999999999998,-0.28555825771667109
0.44499999999999995,-0.28921798234203205
0.44624999999999998,-0.28921798234203205
0.44749999999999995,-0.29287770696739301
0.44874999999999998,-0.29287770696739301
0.44999999999999996,-0.29287770696739301
0.45124999999999998,-0.29653743159275398
0.45249999999999996,-0.29653743159275398
0.45374999999999999,-0.29653743159275398
0.45499999999999996,-0.29653743159275398
0.45624999999999999,-0.30019715621811499
0.45749999999999996,-0.30019715621811499
0.45874999999999999,-0.30019715621811499
0.45999999999999996,-0.30019715621811499
0.46124999999999999,-0.30019715621811499
0.46249999999999997,-0.30019715621811499
0.46375,-0.29653743159275398
0.46499999999999997,-0.29653743159275398
0.46625,-0.29287770696739301
0.46749999999999997,-0.29287770696739301
0.46875,-0.29287770696739301
0.46999999999999997,-0.28921798234203205
0.47124999999999995,-0.28921798234203205
0.47249999999999998,-0.28555825771667109
0.47374999999999995,-0.28555825771667109
0.47499999999999998,-0.28189853309131008
0.47624999999999995,-0.28189853309131008
0.47749999999999998,-0.27823880846594912
0.47874999999999995,-0.27457908384058816
0.47999999999999998,-0.27457908384058816
0.48124999999999996,-0.2709193592152272
0.48249999999999998,-0.26725963458986624
0.48374999999999996,-0.26725963458986624
0.48499999999999999,-0.26359990996450522
0.48624999999999996,-0.25994018533914426
0.48749999999999999,-0.2562804607137833
0.48874999999999996,-0.2562804607137833
0.48999999999999999,-0.25262073608842234
0.49124999999999996,-0.24896101146306135
0.49249999999999999,-0.24530128683770036
0.49374999999999997,-0.2416415622123394
0.495,-0.23798183758697841
0.49624999999999997,-0.23432211296161745
0.4975,-0.23066238833625649
0.49874999999999997,-0.2270026637108955
0.5,-0.22334293908553454
0.50124999999999997,-0.21968321446017355
0.50249999999999995,-0.21602348983481259
0.50374999999999992,-0.2123637652094516
0.505,-0.20870404058409064
0.50624999999999998,-0.20504431595872966
0.50749999999999995,-0.2013845913333687
0.50874999999999992,-0.19772486670800771
0.51000000000000001,-0.19772486670800771
0.51124999999999998,-0.19040541745728579
0.51249999999999996,-0.1867456928319248
0.51374999999999993,-0.18308596820656384
0.51500000000000001,-0.17942624358120285
0.51624999999999999,-0.17576651895584189
0.51749999999999996,-0.1721067943304809
0.51874999999999993,-0.16478734507975895
0.52000000000000002,-0.16112762045439799
0.52124999999999999,-0.157467895829037
0.52249999999999996,-0.15380817120367604
0.52374999999999994,-0.15014844657831508
0.52500000000000002,-0.14282899732759313
0.52625,-0.13916927270223214
0.52749999999999997,-0.13550954807687118
0.52874999999999994,-0.12819009882614923
0.53000000000000003,-0.12453037420078826
0.53125,-0.12087064957542729
0.53249999999999997,-0.11355120032470534
0.53374999999999995,-0.10989147569934436
0.53499999999999992,-0.10623175107398339
0.53625,-0.098912301823261439
0.53749999999999998,-0.095252577197900479
0.53874999999999995,-0.091592852572539504
0.53999999999999992,-0.084273403321817555
0.54125000000000001,-0.080613678696456581
0.54249999999999998,-0.076953954071095607
0.54374999999999996,-0.073294229445734632
0.54499999999999993,-0.065974780195012683
0.54625000000000001,-0.062315055569651716
0.54749999999999999,-0.058655330944290741
0.54874999999999996,-0.051335881693568793
0.54999999999999993,-0.047676157068207825
0.55125000000000002,-0.040356707817485876
0.55249999999999999,-0.036696983192124902
0.55374999999999996,-0.033037258566763927
0.55499999999999994,-0.029377533941402956
0.55625000000000002,-0.025717809316041982
0.5575,-0.022058084690681011
0.55874999999999997,-0.018398360065320037
0.55999999999999994,-0.014738635439959064
0.56125000000000003,-0.011078910814598091
0.5625,-0.0074191861892371177
0.56374999999999997,-0.0037594615638761445
0.56499999999999995,-9.9736938515171403e-05
0.56624999999999992,0.0035599876868458017
0.5675,0.0035599876868458017
0.56874999999999998,0.0072197123122067748
0.56999999999999995,0.010879436937567748
0.57124999999999992,0.010879436937567748
0.57250000000000001,0.010879436937567748
0.57374999999999998,0.014539161562928721
0.57499999999999996,0.014539161562928721
0.57624999999999993,0.014539161562928721
0.57750000000000001,0.018198886188289694
0.57874999999999999,0.018198886188289694
0.57999999999999996,0.018198886188289694
0.58124999999999993,0.018198886188289694
0.58250000000000002,0.018198886188289694
0.58374999999999999,0.018198886188289694
0.58499999999999996,0.018198886188289694
0.58624999999999994,0.018198886188289694
0.58750000000000002,0.014539161562928721
0.58875,0.014539161562928721
0.58999999999999997,0.014539161562928721
0.59124999999999994,0.010879436937567748
0.59250000000000003,0.010879436937567748
0.59375,0.0072197123122067748
0.59499999999999997,0.0072197123122067748
0.59624999999999995,0.0035599876868458017
0.59749999999999992,-9.9736938515171403e-05
0.59875,-9.9736938515171403e-05
0.59999999999999998,-0.0037594615638761445
0.60124999999999995,-0.0074191861892371177
0.60249999999999992,-0.011078910814598091
0.60375000000000001,-0.014738635439959064
0.60499999999999998,-0.018398360065320037
0.60624999999999996,-0.022058084690681011
0.60749999999999993,-0.025717809316041982
0.60875000000000001,-0.029377533941402956
0.60999999999999999,-0.036696983192124902
0.61124999999999996,-0.040356707817485876
0.61249999999999993,-0.044016432442846851
0.61375000000000002,-0.051335881693568793
0.61499999999999999,-0.054995606318929767
0.61624999999999996,-0.062315055569651716
0.61749999999999994,-0.065974780195012683
0.61875000000000002,-0.073294229445734632
0.62,-0.080613678696456581
0.62124999999999997,-0.08793312794717853
0.62249999999999994,-0.095252577197900479
0.62375000000000003,-0.10257202644862241
0.625,-0.10989147569934436
0.62624999999999997,-0.11721092495006631
0.62749999999999995,-0.12453037420078826
0.62874999999999992,-0.1318498234515102
0.63,-0.13916927270223214
0.63124999999999998,-0.14648872195295409
0.63249999999999995,-0.15380817120367604
0.63374999999999992,-0.16112762045439799
0.63500000000000001,-0.16844706970511994
0.63624999999999998,-0.17576651895584189
0.63749999999999996,-0.1867456928319248
0.63874999999999993,-0.19406514208264675
0.64000000000000001,-0.2013845913333687
0.64124999999999999,-0.2123637652094516
0.64249999999999996,-0.21968321446017355
0.64374999999999993,-0.2270026637108955
0.64500000000000002,-0.23432211296161745
0.64624999999999999,-0.2416415622123394
0.64749999999999996,-0.24896101146306135
0.64874999999999994,-0.2562804607137833
0.65000000000000002,-0.26359990996450522
0.65125,-0.2709193592152272
0.65249999999999997,-0.27823880846594912
0.65374999999999994,-0.28555825771667109
0.65500000000000003,-0.29287770696739301
0.65625,-0.30019715621811499
0.65749999999999997,-0.30385688084347595
0.65874999999999995,-0.31117633009419787
0.65999999999999992,-0.31483605471955883
0.66125,-0.32215550397028081
0.66249999999999998,-0.32581522859564177
0.66374999999999995,-0.32947495322100273
0.66499999999999992,-0.33313467784636375
0.66625000000000001,-0.33679440247172471
0.66749999999999998,-0.34045412709708567
0.66874999999999996,-0.34411385172244663
0.66999999999999993,-0.34411385172244663
0.67125000000000001,-0.34777357634780764
0.67249999999999999,-0.35143330097316861
0.67374999999999996,-0.35143330097316861
0.67499999999999993,-0.35509302559852957
0.67625000000000002,-0.35509302559852957
0.67749999999999999,-0.35875275022389053
0.67874999999999996,-0.35875275022389053
0.67999999999999994,-0.35875275022389053
0.68125000000000002,-0.35875275022389053
0.6825,-0.35875275022389053
0.68374999999999997,-0.35509302559852957
0.68499999999999994,-0.35509302559852957
0.68625000000000003,-0.35509302559852957
0.6875,-0.35143330097316861
0.68874999999999997,-0.35143330097316861
0.68999999999999995,-0.34777357634780764
0.69124999999999992,-0.34777357634780764
0.6925,-0.34411385172244663
0.69374999999999998,-0.34045412709708567
0.69499999999999995,-0.33679440247172471
0.69624999999999992,-0.33313467784636375
0.69750000000000001,-0.32947495322100273
0.69874999999999998,-0.32581522859564177
0.69999999999999996,-0.32215550397028081
0.70124999999999993,-0.31849577934491985
0.70250000000000001,-0.31483605471955883
0.70374999999999999,-0.31117633009419787
0.70499999999999996,-0.30751660546883691
0.70624999999999993,-0.30385688084347595
0.70750000000000002,-0.30019715621811499
0.70874999999999999,-0.29653743159275398
0.70999999999999996,-0.29287770696739301
0.71124999999999994,-0.28555825771667109
0.71250000000000002,-0.28189853309131008
0.71375,-0.27823880846594912
0.71499999999999997,-0.27457908384058816
0.71624999999999994,-0.26725963458986624
0.71750000000000003,-0.26359990996450522
0.71875,-0.25994018533914426
0.71999999999999997,-0.2562804607137833
0.72124999999999995,-0.25262073608842234
0.72249999999999992,-0.24896101146306135
0.72375,-0.24530128683770036
0.72499999999999998,-0.23798183758697841
0.72624999999999995,-0.23432211296161745
0.72749999999999992,-0.23066238833625649
0.72875000000000001,-0.22334293908553454
0.72999999999999998,-0.21968321446017355
0.73124999999999996,-0.21602348983481259
0.73249999999999993,-0.2123637652094516
0.73375000000000001,-0.20504431595872966
0.73499999999999999,-0.2013845913333687
0.73624999999999996,-0.19772486670800771
0.73749999999999993,-0.19406514208264675
0.73875000000000002,-0.19040541745728579
0.73999999999999999,-0.1867456928319248
0.74124999999999996,-0.17942624358120285
0.74249999999999994,-0.17576651895584189
0.74375000000000002,-0.1721067943304809
0.745,-0.16844706970511994
0.74624999999999997,-0.16478734507975895
0.74749999999999994,-0.16112762045439799
0.74875000000000003,-0.157467895829037
0.75,-0.15380817120367604
0.75124999999999997,-0.15014844657831508
0.75249999999999995,-0.14648872195295409
0.75374999999999992,-0.14282899732759313
0.755,-0.14282899732759313
0.75624999999999998,-0.13916927270223214
0.75749999999999995,-0.13550954807687118
0.75874999999999992,-0.13550954807687118
0.76000000000000001,-0.1318498234515102
0.76124999999999998,-0.12819009882614923
0.76249999999999996,-0.12819009882614923
0.76374999999999993,-0.12819009882614923
0.76500000000000001,-0.12453037420078826
0.76624999999999999,-0.12453037420078826
0.76749999999999996,-0.12087064957542729
0.76874999999999993,-0.12087064957542729
0.77000000000000002,-0.12087064957542729
0.77124999999999999,-0.11721092495006631
0.77249999999999996,-0.11721092495006631
0.77374999999999994,-0.11721092495006631
0.77500000000000002,-0.11721092495006631
0.77625,-0.11721092495006631
0.77749999999999997,-0.11721092495006631
0.77874999999999994,-0.11721092495006631
0.78000000000000003,-0.11721092495006631
0.78125,-0.11721092495006631
0.78249999999999997,-0.11721092495006631
0.78374999999999995,-0.11721092495006631
0.78499999999999992,-0.11721092495006631
0.78625,-0.11721092495006631
0.78749999999999998,-0.11721092495006631
0.78874999999999995,-0.12087064957542729
0.78999999999999992,-0.12087064957542729
0.79125000000000001,-0.12087064957542729
0.79249999999999998,-0.12453037420078826
0.79374999999999996,-0.12453037420078826
0.79499999999999993,-0.12453037420078826
0.79625000000000001,-0.12453037420078826
0.79749999999999999,-0.12087064957542729
0.79874999999999996,-0.12087064957542729
0.79999999999999993,-0.12087064957542729
0.80125000000000002,-0.12087064957542729
0.80249999999999999,-0.11721092495006631
0.80374999999999996,-0.11721092495006631
0.80499999999999994,-0.11721092495006631
0.80625000000000002,-0.11721092495006631
0.8075,-0.11355120032470534
0.80874999999999997,-0.11355120032470534
0.80999999999999994,-0.10989147569934436
0.81125000000000003,-0.10989147569934436
0.8125,-0.10623175107398339
0.81374999999999997,-0.10623175107398339
0.81499999999999995,-0.10257202644862241
0.81624999999999992,-0.10257202644862241
0.8175,-0.10257202644862241
0.81874999999999998,-0.10257202644862241
0.81999999999999995,-0.10257202644862241
0.82124999999999992,-0.10257202644862241
0.82250000000000001,-0.10257202644862241
0.82374999999999998,-0.10623175107398339
0.82499999999999996,-0.10623175107398339
0.82624999999999993,-0.10623175107398339
0.82750000000000001,-0.10989147569934436
0.82874999999999999,-0.10989147569934436
0.82999999999999996,-0.11355120032470534
0.83124999999999993,-0.11721092495006631
0.83250000000000002,-0.12087064957542729
0.83374999999999999,-0.12453037420078826
0.83499999999999996,-0.12819009882614923
0.83624999999999994,-0.1318498234515102
0.83750000000000002,-0.13916927270223214
0.83875,-0.14282899732759313
0.83999999999999997,-0.15014844657831508
0.84124999999999994,-0.157467895829037
0.84250000000000003,-0.16478734507975895
0.84375,-0.1721067943304809
0.84499999999999997,-0.17942624358120285
0.84624999999999995,-0.1867456928319248
0.84749999999999992,-0.19406514208264675
0.84875,-0.2013845913333687
0.84999999999999998,-0.20870404058409064
0.85124999999999995,-0.2123637652094516
0.85249999999999992,-0.21968321446017355
0.85375000000000001,-0.2270026637108955
0.85499999999999998,-0.23066238833625649
0.85624999999999996,-0.23798183758697841
0.85749999999999993,-0.2416415622123394
0.85875000000000001,-0.24896101146306135
0.85999999999999999,-0.25262073608842234
0.86124999999999996,-0.2562804607137833
0.86249999999999993,-0.25994018533914426
0.86375000000000002,-0.26359990996450522
0.86499999999999999,-0.26359990996450522
0.86624999999999996,-0.26725963458986624
0.86749999999999994,-0.2709193592152272
0.86875000000000002,-0.2709193592152272
0.87,-0.27457908384058816
0.87124999999999997,-0.27457908384058816
0.87249999999999994,-0.27823880846594912
0.87375000000000003,-0.27823880846594912
0.875,-0.27823880846594912
0.87624999999999997,-0.27823880846594912
0.87749999999999995,-0.27823880846594912
0.87874999999999992,-0.27823880846594912
0.88,-0.27823880846594912
0.88124999999999998,-0.27457908384058816
0.88249999999999995,-0.27457908384058816
0.88374999999999992,-0.27457908384058816
0.88500000000000001,-0.2709193592152272
0.88624999999999998,-0.2709193592152272
0.88749999999999996,-0.2709193592152272
0.88874999999999993,-0.2709193592152272
0.89000000000000001,-0.2709193592152272
0.89124999999999999,-0.26725963458986624
0.89249999999999996,-0.26725963458986624
0.89374999999999993,-0.26725963458986624
0.89500000000000002,-0.26359990996450522
0.89624999999999999,-0.25994018533914426
0.89749999999999996,-0.2562804607137833
0.89874999999999994,-0.25262073608842234
0.90000000000000002,-0.24530128683770036
0.90125,-0.23798183758697841
0.90249999999999997,-0.23432211296161745
0.90374999999999994,-0.2270026637108955
0.90500000000000003,-0.22334293908553454
0.90625,-0.21602348983481259
0.90749999999999997,-0.20870404058409064
0.90874999999999995,-0.2013845913333687
0.90999999999999992,-0.19040541745728579
0.91125,-0.18308596820656384
0.91249999999999998,-0.17576651895584189
0.91374999999999995,-0.16478734507975895
0.91499999999999992,-0.157467895829037
0.91625000000000001,-0.15014844657831508
0.91749999999999998,-0.14282899732759313
0.91874999999999996,-0.13550954807687118
0.91999999999999993,-0.12819009882614923
0.92125000000000001,-0.12453037420078826
0.92249999999999999,-0.11721092495006631
0.92374999999999996,-0.11355120032470534
0.92499999999999993,-0.10989147569934436
0.92625000000000002,-0.10623175107398339
0.92749999999999999,-0.10257202644862241
0.92874999999999996,-0.10257202644862241
0.92999999999999994,-0.098912301823261439
0.93125000000000002,-0.091592852572539504
0.9325,-0.08793312794717853
0.93374999999999997,-0.084273403321817555
0.93499999999999994,-0.080613678696456581
0.93625000000000003,-0.073294229445734632
0.9375,-0.069634504820373658
0.93874999999999997,-0.069634504820373658
0.93999999999999995,-0.065974780195012683
0.94124999999999992,-0.058655330944290741
0.9425,-0.054995606318929767
0.94374999999999998,-0.051335881693568793
0.94499999999999995,-0.044016432442846851
0.94624999999999992,-0.040356707817485876
0.94750000000000001,-0.033037258566763927
0.94874999999999998,-0.029377533941402956
0.94999999999999996,-0.025717809316041982
0.95124999999999993,-0.022058084690681011
0.95250000000000001,-0.018398360065320037
0.95374999999999999,-0.018398360065320037
0.95499999999999996,-0.014738635439959064
0.95624999999999993,-0.014738635439959064
0.95750000000000002,-0.014738635439959064
0.95874999999999999,-0.014738635439959064
0.95999999999999996,-0.014738635439959064
0.96124999999999994,-0.014738635439959064
0.96250000000000002,-0.014738635439959064
0.96375,-0.018398360065320037
0.96499999999999997,-0.018398360065320037
0.96624999999999994,-0.022058084690681011
0.96750000000000003,-0.022058084690681011
0.96875,-0.025717809316041982
0.96999999999999997,-0.029377533941402956
0.97124999999999995,-0.033037258566763927
0.97249999999999992,-0.036696983192124902
0.97375,-0.040356707817485876
0.97499999999999998,-0.044016432442846851
0.97624999999999995,-0.047676157068207825
0.97749999999999992,-0.051335881693568793
0.97875000000000001,-0.054995606318929767
0.97999999999999998,-0.062315055569651716
0.98124999999999996,-0.065974780195012683
0.98249999999999993,-0.073294229445734632
0.98375000000000001,-0.076953954071095607
0.98499999999999999,-0.084273403321817555
0.98624999999999996,-0.08793312794717853
0.98749999999999993,-0.095252577197900479
0.98875000000000002,-0.098912301823261439
0.98999999999999999,-0.10623175107398339
0.99124999999999996,-0.11355120032470534
0.99249999999999994,-0.11721092495006631
0.99375000000000002,-0.12453037420078826
0.995,-0.1318498234515102
0.99624999999999997,-0.13550954807687118
0.99749999999999994,-0.14282899732759313
0.99875000000000003,-0.14648872195295409
1,-0.15380817120367604
1.00125,-0.157467895829037
1.0024999999999999,-0.16112762045439799
1.0037499999999999,-0.16844706970511994
1.0049999999999999,-0.17576651895584189
1.0062499999999999,-0.17942624358120285
1.0075000000000001,-0.1867456928319248
1.00875,-0.19040541745728579
1.01,-0.19406514208264675
1.01125,-0.2013845913333687
1.0125,-0.20504431595872966
1.0137499999999999,-0.20870404058409064
1.0149999999999999,-0.20870404058409064
1.0162499999999999,-0.20504431595872966
1.0175000000000001,-0.20504431595872966
1.01875,-0.2013845913333687
1.02,-0.19406514208264675
1.02125,-0.19040541745728579
1.0225,-0.1867456928319248
1.0237499999999999,-0.18308596820656384
1.0249999999999999,-0.1721067943304809
1.0262499999999999,-0.16478734507975895
1.0275000000000001,-0.15380817120367604
1.0287500000000001,-0.14282899732759313
1.03,-0.1318498234515102
1.03125,-0.12087064957542729
1.0325,-0.10989147569934436
1.0337499999999999,-0.098912301823261439
1.0349999999999999,-0.091592852572539504
1.0362499999999999,-0.080613678696456581
1.0374999999999999,-0.073294229445734632
1.0387500000000001,-0.065974780195012683
1.04,-0.058655330944290741
1.04125,-0.054995606318929767
1.0425,-0.047676157068207825
1.04375,-0.044016432442846851
1.0449999999999999,-0.040356707817485876
1.0462499999999999,-0.036696983192124902
1.0474999999999999,-0.033037258566763927
1.0487500000000001,-0.033037258566763927
1.05,-0.029377533941402956
1.05125,-0.029377533941402956
1.0525,-0.025717809316041982
1.05375,-0.025717809316041982
1.0549999999999999,-0.025717809316041982
1.0562499999999999,-0.025717809316041982
1.0574999999999999,-0.022058084690681011
1.0587500000000001,-0.022058084690681011
1.0600000000000001,-0.022058084690681011
1.06125,-0.022058084690681011
1.0625,-0.022058084690681011
1.06375,-0.022058084690681011
1.0649999999999999,-0.022058084690681011
1.0662499999999999,-0.022058084690681011
1.0674999999999999,-0.022058084690681011
1.0687499999999999,-0.022058084690681011
1.0700000000000001,-0.022058084690681011
1.07125,-0.018398360065320037
1.0725,-0.0074191861892371177
1.07375,0.014539161562928721
1.075,0.040157233940455533
1.0762499999999999,0.065775306317982341
1.0774999999999999,0.095053103320870136
1.0787499999999999,0.12067117569839694
1.0800000000000001,0.14628924807592375
1.08125,0.17190732045345056
1.0825,0.19752539283097736
1.08375,0.21948374058314321
1.085,0.24144208833530906
1.0862499999999999,0.26340043608747488
1.0874999999999999,0.28169905921427973
1.0887499999999999,0.29999768234108465
1.0900000000000001,0.31463658084252849
1.0912500000000001,0.32927547934397239
1.0925,0.34391437784541629
1.09375,0.36221300097222114
1.095,0.37685189947366504
1.0962499999999999,0.38783107334974798
1.0974999999999999,0.40246997185119188
1.0987499999999999,0.41344914572727481
1.0999999999999999,0.4244283196033577
1.1012500000000001,0.43174776885407967
1.1025,0.43906721810480159
1.10375,0.45004639198088453
1.105,0.46102556585696747
1.10625,0.46834501510768939
1.1074999999999999,0.47566446435841131
1.1087499999999999,0.48298391360913329
1.1099999999999999,0.49030336285985521
1.1112500000000001,0.49396308748521622
1.1125,0.49762281211057718
1.11375,0.50128253673593814
1.115,0.50128253673593814
1.11625,0.50128253673593814
1.1174999999999999,0.49762281211057718
1.1187499999999999,0.49762281211057718
1.1199999999999999,0.49030336285985521
1.1212500000000001,0.48664363823449425
1.1225000000000001,0.47932418898377233
1.12375,0.47200473973305035
1.125,0.46468529048232843
1.12625,0.46102556585696747
1.1274999999999999,0.45736584123160645
1.1287499999999999,0.46102556585696747
1.1299999999999999,0.46102556585696747
1.1312499999999999,0.46468529048232843
1.1325000000000001,0.46834501510768939
1.13375,0.46834501510768939
1.135,0.47200473973305035
1.13625,0.47566446435841131
1.1375,0.48298391360913329
1.1387499999999999,0.49396308748521622
1.1399999999999999,0.50128253673593814
1.1412499999999999,0.50860198598666007
1.1425000000000001,0.519581159862743
1.14375,0.52690060911346492
1.145,0.53422005836418696
1.14625,0.53787978298954786
1.1475,0.54153950761490888
1.1487499999999999,0.54153950761490888
1.1499999999999999,0.54153950761490888
1.1512499999999999,0.54153950761490888
1.1525000000000001,0.53422005836418696
1.1537500000000001,0.53056033373882594
1.155,0.52324088448810402
1.15625,0.51592143523738199
1.1575,0.50494226136129916
1.1587499999999999,0.49396308748521622
1.1599999999999999,0.48664363823449425
1.1612499999999999,0.47932418898377233
1.1624999999999999,0.47566446435841131
1.1637500000000001,0.47200473973305035
1.165,0.46834501510768939
1.16625,0.46468529048232843
1.1675,0.45736584123160645
1.16875,0.45370611660624549
1.1699999999999999,0.45004639198088453
1.1712499999999999,0.44638666735552357
1.1724999999999999,0.44638666735552357
1.1737500000000001,0.44638666735552357
1.175,0.44638666735552357
1.17625,0.45004639198088453
1.1775,0.45004639198088453
1.17875,0.44638666735552357
1.1799999999999999,0.44638666735552357
1.1812499999999999,0.44272694273016255
1.1824999999999999,0.43540749347944063
1.1837500000000001,0.43174776885407967
1.1850000000000001,0.42076859497799673
1.18625,0.41344914572727481
1.1875,0.40246997185119188
1.18875,0.38783107334974798
1.1899999999999999,0.37319217484830408
1.1912499999999999,0.35855327634686018
1.1924999999999999,0.34391437784541629
1.1937499999999999,0.32561575471861143
1.1950000000000001,0.31097685621716753
1.19625,0.29633795771572363
1.1975,0.27803933458891877
1.19875,0.26340043608747488
1.2,0.24510181296067002
1.2012499999999999,0.22680318983386516
1.2024999999999999,0.2085045667070603
1.2037499999999999,0.1938656682056164
1.2050000000000001,0.17556704507881155
1.20625,0.16092814657736765
1.2075,0.14262952345056279
1.20875,0.12799062494911889
1.21,0.11335172644767499
1.2112499999999999,0.095053103320870136
1.2124999999999999,0.080414204819426238
1.2137499999999999,0.065775306317982341
1.2150000000000001,0.047476683191177482
1.2162500000000001,0.032837784689733585
1.2175,0.014539161562928721
1.21875,-0.0037594615638761445
1.22,-0.022058084690681011
1.2212499999999999,-0.036696983192124902
1.2224999999999999,-0.054995606318929767
1.2237499999999999,-0.076953954071095607
1.2249999999999999,-0.095252577197900479
1.2262500000000001,-0.11355120032470534
1.2275,-0.12819009882614923
1.22875,-0.14648872195295409
1.23,-0.16478734507975895
1.23125,-0.18308596820656384
1.2324999999999999,-0.2013845913333687
1.2337499999999999,-0.21968321446017355
1.2349999999999999,-0.23798183758697841
1.2362500000000001,-0.2562804607137833
1.2375,-0.27457908384058816
1.23875,-0.29287770696739301
1.24,-0.31117633009419787
1.24125,-0.32581522859564177
1.2424999999999999,-0.34411385172244663
1.2437499999999999,-0.36241247484925149
1.2449999999999999,-0.37705137335069538
1.2462500000000001,-0.39169027185213928
1.2475000000000001,-0.40632917035358318
1.24875,-0.42096806885502708
1.25,-0.43560696735647098
1.25125,-0.45024586585791487
1.2524999999999999,-0.46488476435935877
1.2537499999999999,-0.47586393823544165
1.2549999999999999,-0.49050283673688555
1.2562499999999999,-0.50148201061296849
1.2575000000000001,-0.51612090911441233
1.25875,-0.52710008299049527
1.26,-0.5380792568665782
1.26125,-0.54905843074266114
1.2625,-0.56003760461874408
1.2637499999999999,-0.567357053869466
1.2649999999999999,-0.57833622774554894
1.2662499999999999,-0.58565567699627086
1.2675000000000001,-0.59297512624699278
1.26875,-0.60029457549771481
1.27,-0.60761402474843673
1.27125,-0.61127374937379764
1.2725,-0.61859319862451967
1.2737499999999999,-0.62591264787524159
1.2749999999999999,-0.6295723725006025
1.2762499999999999,-0.63689182175132453
1.2775000000000001,-0.64055154637668543
1.2787500000000001,-0.64421127100204645
1.28,-0.64787099562740746
1.28125,-0.65153072025276837
1.2825,-0.65519044487812939
1.2837499999999999,-0.65885016950349029
1.2849999999999999,-0.65885016950349029
1.2862499999999999,-0.65885016950349029
1.2874999999999999,-0.66250989412885131
1.2887500000000001,-0.66250989412885131
1.29,-0.66616961875421232
1.29125,-0.66616961875421232
1.2925,-0.66616961875421232
1.29375,-0.66616961875421232
1.2949999999999999,-0.66616961875421232
1.2962499999999999,-0.66616961875421232
1.2974999999999999,-0.66616961875421232
1.2987500000000001,-0.66616961875421232
1.3,-0.66250989412885131
1.30125,-0.66250989412885131
1.3025,-0.65885016950349029
1.30375,-0.65885016950349029
1.3049999999999999,-0.65885016950349029
1.3062499999999999,-0.65519044487812939
1.3074999999999999,-0.65519044487812939
1.3087500000000001,-0.65519044487812939
1.3100000000000001,-0.65153072025276837
1.31125,-0.65153072025276837
1.3125,-0.65153072025276837
1.31375,-0.64787099562740746
1.3149999999999999,-0.64787099562740746
1.3162499999999999,-0.64421127100204645
1.3174999999999999,-0.64421127100204645
1.3187499999999999,-0.64421127100204645
1.3200000000000001,-0.64055154637668543
1.32125,-0.64055154637668543
1.3225,-0.64055154637668543
1.32375,-0.64055154637668543
1.325,-0.64055154637668543
1.3262499999999999,-0.64055154637668543
1.3274999999999999,-0.64055154637668543
1.3287499999999999,-0.64055154637668543
1.3300000000000001,-0.64055154637668543
1.33125,-0.64055154637668543
1.3325,-0.63689182175132453
1.33375,-0.64055154637668543
1.335,-0.64055154637668543
1.3362499999999999,-0.64055154637668543
1.3374999999999999,-0.64055154637668543
1.3387499999999999,-0.64421127100204645
1.3400000000000001,-0.64421127100204645
1.3412500000000001,-0.64421127100204645
1.3425,-0.64787099562740746
1.34375,-0.64787099562740746
1.345,-0.65153072025276837
1.3462499999999999,-0.65153072025276837
1.3474999999999999,-0.65519044487812939
1.3487499999999999,-0.65519044487812939
1.3499999999999999,-0.65519044487812939
1.3512500000000001,-0.65885016950349029
1.3525,-0.65885016950349029
1.35375,-0.66250989412885131
1.355,-0.66616961875421232
1.35625,-0.66616961875421232
1.3574999999999999,-0.66982934337957323
1.3587499999999999,-0.66982934337957323
1.3599999999999999,-0.67348906800493424
1.3612500000000001,-0.67348906800493424
1.3625,-0.67714879263029515
1.36375,-0.67714879263029515
1.365,-0.68080851725565616
1.36625,-0.68080851725565616
1.3674999999999999,-0.68446824188101718
1.3687499999999999,-0.68446824188101718
1.3699999999999999,-0.68812796650637809
1.3712500000000001,-0.6917876911317391
1.3725000000000001,-0.6917876911317391
1.37375,-0.69544741575710012
1.375,-0.69910714038246102
1.37625,-0.69910714038246102
1.3774999999999999,-0.70276686500782204
1.3787499999999999,-0.70276686500782204
1.3799999999999999,-0.70642658963318294
1.3812499999999999,-0.70642658963318294
1.3825000000000001,-0.71008631425854396
1.38375,-0.71374603888390498
1.385,-0.71374603888390498
1.38625,-0.71374603888390498
1.3875,-0.71740576350926588
1.3887499999999999,-0.71740576350926588
1.3899999999999999,-0.7210654881346269
1.3912499999999999,-0.7210654881346269
1.3925000000000001,-0.7210654881346269
1.39375,-0.7247252127599878
1.395,-0.7247252127599878
1.39625,-0.7247252127599878
1.3975,-0.7247252127599878
1.3987499999999999,-0.7247252127599878
1.3999999999999999,-0.7247252127599878
1.4012499999999999,-0.7247252127599878
1.4025000000000001,-0.7247252127599878
1.4037500000000001,-0.7247252127599878
1.405,-0.7247252127599878
1.40625,-0.7247252127599878
1.4075,-0.7247252127599878
1.4087499999999999,-0.7247252127599878
1.4099999999999999,-0.7247252127599878
1.4112499999999999,-0.7247252127599878
1.4124999999999999,-0.7247252127599878
1.4137500000000001,-0.7247252127599878
1.415,-0.7247252127599878
1.41625,-0.7210654881346269
1.4175,-0.7210654881346269
1.41875,-0.7210654881346269
1.4199999999999999,-0.71740576350926588
1.4212499999999999,-0.71740576350926588
1.4224999999999999,-0.71740576350926588
1.4237500000000001,-0.71740576350926588
1.425,-0.71374603888390498
1.42625,-0.71374603888390498
1.4275,-0.71008631425854396
1.42875,-0.71008631425854396
1.4299999999999999,-0.70642658963318294
1.4312499999999999,-0.70642658963318294
1.4324999999999999,-0.70276686500782204
1.4337500000000001,-0.70276686500782204
1.4350000000000001,-0.69910714038246102
1.43625,-0.69544741575710012
1.4375,-0.69544741575710012
1.43875,-0.6917876911317391
1.4399999999999999,-0.6917876911317391
1.4412499999999999,-0.68812796650637809
1.4424999999999999,-0.68812796650637809
1.4437499999999999,-0.68446824188101718
1.4450000000000001,-0.68080851725565616
1.44625,-0.68080851725565616
1.4475,-0.67714879263029515
1.44875,-0.67348906800493424
1.45,-0.67348906800493424
1.4512499999999999,-0.66982934337957323
1.4524999999999999,-0.66616961875421232
1.4537499999999999,-0.66616961875421232
1.4550000000000001,-0.66250989412885131
1.45625,-0.65885016950349029
1.4575,-0.65519044487812939
1.45875,-0.65153072025276837
1.46,-0.65153072025276837
1.4612499999999999,-0.64787099562740746
1.4624999999999999,-0.64421127100204645
1.4637499999999999,-0.64055154637668543
1.4650000000000001,-0.63689182175132453
1.4662500000000001,-0.63323209712596351
1.4675,-0.63323209712596351
1.46875,-0.6295723725006025
1.47,-0.62591264787524159
1.4712499999999999,-0.62225292324988057
1.4724999999999999,-0.61859319862451967
1.4737499999999999,-0.61493347399915865
1.4749999999999999,-0.61127374937379764
1.4762500000000001,-0.61127374937379764
1.4775,-0.60761402474843673
1.47875,-0.60395430012307572
1.48,-0.60029457549771481
1.48125,-0.59663485087235379
1.4824999999999999,-0.59663485087235379
1.4837499999999999,-0.59297512624699278
1.4849999999999999,-0.58931540162163187
1.4862500000000001,-0.58565567699627086
1.4875,-0.58199595237090995
1.48875,-0.58199595237090995
1.49,-0.57833622774554894
1.49125,-0.57467650312018792
1.4924999999999999,-0.57467650312018792
1.4937499999999999,-0.57101677849482702
1.4949999999999999,-0.567357053869466
1.4962500000000001,-0.567357053869466
1.4975000000000001,-0.56369732924410498
1.49875,-0.56003760461874408
1.5,-0.55637787999338306
1.50125,-0.55271815536802216
1.5024999999999999,-0.55271815536802216
1.5037499999999999,-0.54905843074266114
1.5049999999999999,-0.54539870611730012
1.5062499999999999,-0.54539870611730012
1.5075000000000001,-0.54173898149193922
1.50875,-0.54173898149193922
1.51,-0.5380792568665782
1.51125,-0.5344195322412173
1.5125,-0.5344195322412173
1.5137499999999999,-0.53075980761585628
1.5149999999999999,-0.52710008299049527
1.5162499999999999,-0.52344035836513436
1.5175000000000001,-0.52344035836513436
1.51875,-0.51978063373977335
1.52,-0.51612090911441233
1.52125,-0.51246118448905142
1.5225,-0.51246118448905142
1.5237499999999999,-0.50880145986369041
1.5249999999999999,-0.50880145986369041
1.5262499999999999,-0.5051417352383295
1.5275000000000001,-0.5051417352383295
1.5287500000000001,-0.50148201061296849
1.53,-0.50148201061296849
1.53125,-0.49782228598760753
1.5325,-0.49782228598760753
1.5337499999999999,-0.49416256136224657
1.5349999999999999,-0.49416256136224657
1.5362499999999999,-0.49050283673688555
1.5374999999999999,-0.49050283673688555
1.5387500000000001,-0.49050283673688555
1.54,-0.48684311211152459
1.54125,-0.48684311211152459
1.5425,-0.48318338748616363
1.54375,-0.48318338748616363
1.5449999999999999,-0.47952366286080267
1.5462499999999999,-0.47952366286080267
1.5474999999999999,-0.47586393823544165
1.5487500000000001,-0.47220421361008069
1.55,-0.47220421361008069
1.55125,-0.46854448898471973
1.5525,-0.46854448898471973
1.55375,-0.46488476435935877
1.5549999999999999,-0.46488476435935877
1.5562499999999999,-0.46122503973399781
1.5574999999999999,-0.46122503973399781
1.5587500000000001,-0.45756531510863679
1.5600000000000001,-0.45756531510863679
1.56125,-0.45756531510863679
1.5625,-0.45390559048327583
1.56375,-0.45390559048327583
1.5649999999999999,-0.45024586585791487
1.5662499999999999,-0.45024586585791487
1.5674999999999999,-0.44658614123255391
1.5687499999999999,-0.44658614123255391
1.5700000000000001,-0.4429264166071929
1.57125,-0.43926669198183194
1.5725,-0.43926669198183194
1.57375,-0.43926669198183194
1.575,-0.43560696735647098
1.5762499999999999,-0.43194724273111001
1.5774999999999999,-0.43194724273111001
1.5787499999999999,-0.42828751810574905
1.5800000000000001,-0.42828751810574905
1.58125,-0.42462779348038804
1.5825,-0.42096806885502708
1.58375,-0.41730834422966612
1.585,-0.41730834422966612
1.5862499999999999,-0.41364861960430516
1.5874999999999999,-0.41364861960430516
1.5887499999999999,-0.40998889497894414
1.5900000000000001,-0.40632917035358318
1.5912500000000001,-0.40266944572822222
1.5925,-0.40266944572822222
1.59375,-0.39900972110286126
1.595,-0.39534999647750024
1.5962499999999999,-0.39169027185213928
1.5974999999999999,-0.39169027185213928
1.5987499999999999,-0.38803054722677832
1.5999999999999999,-0.38437082260141736
1.6012500000000001,-0.3807110979760564
1.6025,-0.37705137335069538
1.60375,-0.37339164872533442
1.605,-0.37339164872533442
1.60625,-0.36973192409997346
1.6074999999999999,-0.3660721994746125
1.6087499999999999,-0.36241247484925149
1.6099999999999999,-0.35875275022389053
1.6112500000000001,-0.35509302559852957
1.6125,-0.35143330097316861
1.61375,-0.34777357634780764
1.615,-0.34045412709708567
1.61625,-0.33679440247172471
1.6174999999999999,-0.33313467784636375
1.6187499999999999,-0.32947495322100273
1.6199999999999999,-0.32581522859564177
1.6212500000000001,-0.32215550397028081
1.6225000000000001,-0.31849577934491985
1.62375,-0.31483605471955883
1.625,-0.30751660546883691
1.62625,-0.30385688084347595
1.6274999999999999,-0.30019715621811499
1.6287499999999999,-0.29653743159275398
1.6299999999999999,-0.29287770696739301
1.6312499999999999,-0.28921798234203205
1.6325000000000001,-0.28189853309131008
1.63375,-0.27823880846594912
1.635,-0.27457908384058816
1.63625,-0.2709193592152272
1.6375,-0.26725963458986624
1.6387499999999999,-0.26359990996450522
1.6399999999999999,-0.25994018533914426
1.6412499999999999,-0.2562804607137833
1.6425000000000001,-0.25262073608842234
1.64375,-0.24896101146306135
1.645,-0.24530128683770036
1.64625,-0.2416415622123394
1.6475,-0.23798183758697841
1.6487499999999999,-0.23432211296161745
1.6499999999999999,-0.23066238833625649
1.6512499999999999,-0.2270026637108955
1.6525000000000001,-0.22334293908553454
1.6537500000000001,-0.21968321446017355
1.655,-0.21602348983481259
1.65625,-0.21602348983481259
1.6575,-0.2123637652094516
1.6587499999999999,-0.2123637652094516
1.6599999999999999,-0.20870404058409064
1.6612499999999999,-0.20504431595872966
1.6624999999999999,-0.20504431595872966
1.6637500000000001,-0.2013845913333687
1.665,-0.2013845913333687
1.66625,-0.2013845913333687
1.6675,-0.19772486670800771
1.66875,-0.19772486670800771
1.6699999999999999,-0.19406514208264675
1.6712499999999999,-0.19406514208264675
1.6724999999999999,-0.19406514208264675
1.6737500000000001,-0.19406514208264675
1.675,-0.19406514208264675
1.67625,-0.19406514208264675
1.6775,-0.19406514208264675
1.67875,-0.19406514208264675
1.6799999999999999,-0.19406514208264675
1.6812499999999999,-0.19406514208264675
1.6824999999999999,-0.19406514208264675
1.6837500000000001,-0.19406514208264675
1.6850000000000001,-0.19406514208264675
1.68625,-0.19406514208264675
1.6875,-0.19406514208264675
1.68875,-0.19406514208264675
1.6899999999999999,-0.19772486670800771
1.6912499999999999,-0.19772486670800771
1.6924999999999999,-0.19772486670800771
1.6937499999999999,-0.19772486670800771
1.6950000000000001,-0.2013845913333687
1.69625,-0.2013845913333687
1.6975,-0.2013845913333687
1.69875,-0.2013845913333687
1.7,-0.2013845913333687
1.7012499999999999,-0.2013845913333687
1.7024999999999999,-0.2013845913333687
1.7037499999999999,-0.20504431595872966
1.7050000000000001,-0.20504431595872966
1.70625,-0.20504431595872966
1.7075,-0.20504431595872966
1.70875,-0.20870404058409064
1.71,-0.20870404058409064
1.7112499999999999,-0.2123637652094516
1.7124999999999999,-0.2123637652094516
1.7137499999999999,-0.2123637652094516
1.7150000000000001,-0.21602348983481259
1.7162500000000001,-0.21602348983481259
1.7175,-0.21602348983481259
1.71875,-0.21968321446017355
1.72,-0.22334293908553454
1.7212499999999999,-0.22334293908553454
1.7224999999999999,-0.2270026637108955
1.7237499999999999,-0.2270026637108955
1.7249999999999999,-0.23066238833625649
1.7262500000000001,-0.23432211296161745
1.7275,-0.23798183758697841
1.72875,-0.2416415622123394
1.73,-0.2416415622123394
1.73125,-0.24530128683770036
1.7324999999999999,-0.24896101146306135
1.7337499999999999,-0.25262073608842234
1.7349999999999999,-0.2562804607137833
1.7362500000000001,-0.25994018533914426
1.7375,-0.26359990996450522
1.73875,-0.26725963458986624
1.74,-0.2709193592152272
1.74125,-0.27457908384058816
1.7424999999999999,-0.27823880846594912
1.7437499999999999,-0.28555825771667109
1.7449999999999999,-0.28921798234203205
1.7462500000000001,-0.29287770696739301
1.7475000000000001,-0.29653743159275398
1.74875,-0.30019715621811499
1.75,-0.30385688084347595
1.75125,-0.30751660546883691
1.7524999999999999,-0.31483605471955883
1.7537499999999999,-0.31849577934491985
1.7549999999999999,-0.32215550397028081
1.7562499999999999,-0.32581522859564177
1.7575000000000001,-0.32947495322100273
1.75875,-0.33679440247172471
1.76,-0.34045412709708567
1.76125,-0.34411385172244663
1.7625,-0.34777357634780764
1.7637499999999999,-0.35143330097316861
1.7649999999999999,-0.35509302559852957
1.7662499999999999,-0.35875275022389053
1.7675000000000001,-0.36241247484925149
1.76875,-0.3660721994746125
1.77,-0.36973192409997346
1.77125,-0.37339164872533442
1.7725,-0.37705137335069538
1.7737499999999999,-0.3807110979760564
1.7749999999999999,-0.38437082260141736
1.7762499999999999,-0.38803054722677832
1.7775000000000001,-0.39169027185213928
1.7787500000000001,-0.39534999647750024
1.78,-0.39534999647750024
1.78125,-0.39900972110286126
1.7825,-0.40266944572822222
1.7837499999999999,-0.40632917035358318
1.7849999999999999,-0.40998889497894414
1.7862499999999999,-0.40998889497894414
1.7874999999999999,-0.41364861960430516
1.7887500000000001,-0.41730834422966612
1.79,-0.42096806885502708
1.79125,-0.42096806885502708
1.7925,-0.42462779348038804
1.79375,-0.42462779348038804
1.7949999999999999,-0.42828751810574905
1.7962499999999999,-0.42828751810574905
1.7974999999999999,-0.43194724273111001
1.7987500000000001,-0.43194724273111001
1.8,-0.43194724273111001
1.80125,-0.43194724273111001
1.8025,-0.43560696735647098
1.80375,-0.43560696735647098
1.8049999999999999,-0.43560696735647098
1.8062499999999999,-0.43194724273111001
1.8074999999999999,-0.43560696735647098
1.8087500000000001,-0.43194724273111001
1.8100000000000001,-0.43194724273111001
1.81125,-0.43194724273111001
1.8125,-0.42828751810574905
1.81375,-0.42462779348038804
1.8149999999999999,-0.42462779348038804
1.8162499999999999,-0.42096806885502708
1.8174999999999999,-0.41730834422966612
1.8187499999999999,-0.41364861960430516
1.8200000000000001,-0.40998889497894414
1.82125,-0.40632917035358318
1.8225,-0.40632917035358318
1.82375,-0.39900972110286126
1.825,-0.39900972110286126
1.8262499999999999,-0.39534999647750024
1.8274999999999999,-0.39169027185213928
1.8287499999999999,-0.38803054722677832
1.8300000000000001,-0.38437082260141736
1.83125,-0.3807110979760564
1.8325,-0.37705137335069538
1.83375,-0.36973192409997346
1.835,-0.36973192409997346
1.8362499999999999,-0.3660721994746125
1.8374999999999999,-0.35875275022389053
1.8387499999999999,-0.35509302559852957
1.8400000000000001,-0.35143330097316861
1.8412500000000001,-0.34777357634780764
1.8425,-0.34411385172244663
1.84375,-0.34045412709708567
1.845,-0.33679440247172471
1.8462499999999999,-0.33313467784636375
1.8474999999999999,-0.32581522859564177
1.8487499999999999,-0.32215550397028081
1.8499999999999999,-0.31849577934491985
1.8512500000000001,-0.31483605471955883
1.8525,-0.31117633009419787
1.85375,-0.30751660546883691
1.855,-0.30019715621811499
1.85625,-0.29653743159275398
1.8574999999999999,-0.29287770696739301
1.8587499999999999,-0.28921798234203205
1.8599999999999999,-0.28555825771667109
1.8612500000000001,-0.28189853309131008
1.8625,-0.27823880846594912
1.86375,-0.27457908384058816
1.865,-0.2709193592152272
1.86625,-0.26725963458986624
1.8674999999999999,-0.26359990996450522
1.8687499999999999,-0.25994018533914426
1.8699999999999999,-0.2562804607137833
1.8712500000000001,-0.25262073608842234
1.8725000000000001,-0.24896101146306135
1.87375,-0.24530128683770036
1.875,-0.24530128683770036
1.87625,-0.2416415622123394
1.8774999999999999,-0.23798183758697841
1.8787499999999999,-0.23432211296161745
1.8799999999999999,-0.23066238833625649
1.8812499999999999,-0.2270026637108955
1.8825000000000001,-0.22334293908553454
1.88375,-0.22334293908553454
1.885,-0.21968321446017355
1.88625,-0.21602348983481259
1.8875,-0.21602348983481259
1.8887499999999999,-0.2123637652094516
1.8899999999999999,-0.2123637652094516
1.8912499999999999,-0.20870404058409064
1.8925000000000001,-0.20870404058409064
1.89375,-0.20504431595872966
1.895,-0.20504431595872966
1.89625,-0.2013845913333687
1.8975,-0.2013845913333687
1.8987499999999999,-0.19772486670800771
1.8999999999999999,-0.19406514208264675
1.9012499999999999,-0.19406514208264675
1.9025000000000001,-0.19406514208264675
1.9037500000000001,-0.19040541745728579
1.905,-0.19040541745728579
1.90625,-0.1867456928319248
1.9075,-0.1867456928319248
1.9087499999999999,-0.18308596820656384
1.9099999999999999,-0.18308596820656384
1.9112499999999999,-0.17942624358120285
1.9124999999999999,-0.17942624358120285
1.9137500000000001,-0.17942624358120285
1.915,-0.17576651895584189
1.91625,-0.1721067943304809
1.9175,-0.1721067943304809
1.91875,-0.16844706970511994
1.9199999999999999,-0.16844706970511994
1.9212499999999999,-0.16478734507975895
1.9224999999999999,-0.16478734507975895
1.9237500000000001,-0.16112762045439799
1.925,-0.16112762045439799
1.92625,-0.157467895829037
1.9275,-0.15380817120367604
1.92875,-0.15380817120367604
1.9299999999999999,-0.15014844657831508
1.9312499999999999,-0.14648872195295409
1.9324999999999999,-0.14648872195295409
1.9337500000000001,-0.14282899732759313
1.9350000000000001,-0.13916927270223214
1.93625,-0.13916927270223214
1.9375,-0.13550954807687118
1.93875,-0.1318498234515102
1.9399999999999999,-0.1318498234515102
1.9412499999999999,-0.12819009882614923
1.9424999999999999,-0.12819009882614923
1.9437499999999999,-0.12453037420078826
1.9450000000000001,-0.12453037420078826
1.94625,-0.12453037420078826
1.9475,-0.12087064957542729
1.94875,-0.12087064957542729
1.95,-0.11721092495006631
1.9512499999999999,-0.11721092495006631
1.9524999999999999,-0.11355120032470534
1.9537499999999999,-0.11355120032470534
1.9550000000000001,-0.11355120032470534
1.95625,-0.11355120032470534
1.9575,-0.11355120032470534
1.95875,-0.11355120032470534
1.96,-0.11355120032470534
1.9612499999999999,-0.11355120032470534
1.9624999999999999,-0.11355120032470534
1.9637499999999999,-0.11355120032470534
1.9650000000000001,-0.11355120032470534
1.9662500000000001,-0.11355120032470534
1.9675,-0.11355120032470534
1.96875,-0.11355120032470534
1.97,-0.11355120032470534
1.9712499999999999,-0.11721092495006631
1.9724999999999999,-0.11721092495006631
1.9737499999999999,-0.12087064957542729
1.9749999999999999,-0.12087064957542729
1.9762500000000001,-0.12453037420078826
1.9775,-0.12453037420078826
1.97875,-0.12819009882614923
1.98,-0.12819009882614923
1.98125,-0.1318498234515102
1.9824999999999999,-0.13550954807687118
1.9837499999999999,-0.13550954807687118
1.9849999999999999,-0.13916927270223214
1.9862500000000001,-0.14282899732759313
1.9875,-0.14648872195295409
1.98875,-0.15014844657831508
1.99,-0.15380817120367604
1.99125,-0.157467895829037
1.9924999999999999,-0.16112762045439799
1.9937499999999999,-0.16478734507975895
1.9949999999999999,-0.16844706970511994
1.9962500000000001,-0.17576651895584189
1.9975000000000001,-0.17942624358120285
1.99875,-0.1867456928319248
2,-0.19040541745728579
2.0012500000000002,-0.19406514208264675
2.0025000000000004,-0.2013845913333687
2.0037500000000001,-0.20504431595872966
2.0050000000000003,-0.20870404058409064
2.0062500000000001,-0.21602348983481259
2.0075000000000003,-0.21968321446017355
2.00875,-0.2270026637108955
2.0100000000000002,-0.23066238833625649
2.01125,-0.23798183758697841
2.0125000000000002,-0.2416415622123394
2.0137500000000004,-0.24530128683770036
2.0150000000000001,-0.25262073608842234
2.0162500000000003,-0.2562804607137833
2.0175000000000001,-0.25994018533914426
2.0187500000000003,-0.26725963458986624
2.02,-0.2709193592152272
2.0212500000000002,-0.27457908384058816
2.0225000000000004,-0.28189853309131008
2.0237500000000002,-0.28555825771667109
2.0250000000000004,-0.28921798234203205
2.0262500000000001,-0.29287770696739301
2.0275000000000003,-0.29653743159275398
2.0287500000000001,-0.30019715621811499
2.0300000000000002,-0.30385688084347595
2.03125,-0.30751660546883691
2.0325000000000002,-0.31117633009419787
2.0337500000000004,-0.31117633009419787
2.0350000000000001,-0.31483605471955883
2.0362500000000003,-0.31483605471955883
2.0375000000000001,-0.31849577934491985
2.0387500000000003,-0.31849577934491985
2.04,-0.32215550397028081
2.0412500000000002,-0.32215550397028081
2.0425,-0.32581522859564177
2.0437500000000002,-0.32581522859564177
2.0450000000000004,-0.32581522859564177
2.0462500000000001,-0.32581522859564177
2.0475000000000003,-0.32581522859564177
2.0487500000000001,-0.32215550397028081
2.0500000000000003,-0.32215550397028081
2.05125,-0.32215550397028081
2.0525000000000002,-0.32215550397028081
2.0537500000000004,-0.31849577934491985
2.0550000000000002,-0.31849577934491985
2.0562500000000004,-0.31483605471955883
2.0575000000000001,-0.31483605471955883
2.0587500000000003,-0.31117633009419787
2.0600000000000001,-0.31117633009419787
2.0612500000000002,-0.30751660546883691
2.0625,-0.30385688084347595
2.0637500000000002,-0.30019715621811499
2.0650000000000004,-0.30019715621811499
2.0662500000000001,-0.29653743159275398
2.0675000000000003,-0.29287770696739301
2.0687500000000001,-0.28921798234203205
2.0700000000000003,-0.28555825771667109
2.07125,-0.28189853309131008
2.0725000000000002,-0.27823880846594912
2.07375,-0.27457908384058816
2.0750000000000002,-0.2709193592152272
2.0762500000000004,-0.26725963458986624
2.0775000000000001,-0.26725963458986624
2.0787500000000003,-0.26359990996450522
2.0800000000000001,-0.25994018533914426
2.0812500000000003,-0.2562804607137833
2.0825,-0.25262073608842234
2.0837500000000002,-0.24896101146306135
2.0850000000000004,-0.24530128683770036
2.0862500000000002,-0.2416415622123394
2.0875000000000004,-0.2416415622123394
2.0887500000000001,-0.23798183758697841
2.0900000000000003,-0.23432211296161745
2.0912500000000001,-0.23432211296161745
2.0925000000000002,-0.23066238833625649
2.09375,-0.23066238833625649
2.0950000000000002,-0.2270026637108955
2.0962500000000004,-0.2270026637108955
2.0975000000000001,-0.22334293908553454
2.0987500000000003,-0.22334293908553454
2.1000000000000001,-0.21968321446017355
2.1012500000000003,-0.21968321446017355
2.1025,-0.21968321446017355
2.1037500000000002,-0.21602348983481259
2.105,-0.21602348983481259
2.1062500000000002,-0.21602348983481259
2.1075000000000004,-0.21602348983481259
2.1087500000000001,-0.21602348983481259
2.1100000000000003,-0.21602348983481259
2.1112500000000001,-0.21602348983481259
2.1125000000000003,-0.2123637652094516
2.11375,-0.2123637652094516
2.1150000000000002,-0.2123637652094516
2.1162500000000004,-0.2123637652094516
2.1175000000000002,-0.2123637652094516
2.1187500000000004,-0.2123637652094516
2.1200000000000001,-0.2123637652094516
2.1212500000000003,-0.2123637652094516
2.1225000000000001,-0.2123637652094516
2.1237500000000002,-0.2123637652094516
2.125,-0.21602348983481259
2.1262500000000002,-0.21602348983481259
2.1275000000000004,-0.21602348983481259
2.1287500000000001,-0.21602348983481259
2.1300000000000003,-0.21602348983481259
2.1312500000000001,-0.21602348983481259
2.1325000000000003,-0.21602348983481259
2.13375,-0.2123637652094516
2.1350000000000002,-0.2123637652094516
2.13625,-0.2123637652094516
2.1375000000000002,-0.2123637652094516
2.1387500000000004,-0.2123637652094516
2.1400000000000001,-0.2123637652094516
2.1412500000000003,-0.2123637652094516
2.1425000000000001,-0.20870404058409064
2.1437500000000003,-0.20870404058409064
2.145,-0.20870404058409064
2.1462500000000002,-0.20504431595872966
2.1475000000000004,-0.20504431595872966
2.1487500000000002,-0.2013845913333687
2.1500000000000004,-0.2013845913333687
2.1512500000000001,-0.19772486670800771
2.1525000000000003,-0.19772486670800771
2.1537500000000001,-0.19406514208264675
2.1550000000000002,-0.19040541745728579
2.15625,-0.19040541745728579
2.1575000000000002,-0.1867456928319248
2.1587500000000004,-0.18308596820656384
2.1600000000000001,-0.17942624358120285
2.1612500000000003,-0.17576651895584189
2.1625000000000001,-0.1721067943304809
2.1637500000000003,-0.16844706970511994
2.165,-0.16112762045439799
2.1662500000000002,-0.157467895829037
2.1675,-0.15380817120367604
2.1687500000000002,-0.15014844657831508
2.1700000000000004,-0.14282899732759313
2.1712500000000001,-0.13916927270223214
2.1725000000000003,-0.13550954807687118
2.1737500000000001,-0.1318498234515102
2.1750000000000003,-0.12819009882614923
2.17625,-0.12453037420078826
2.1775000000000002,-0.11721092495006631
2.1787500000000004,-0.11355120032470534
2.1800000000000002,-0.10989147569934436
2.1812500000000004,-0.10623175107398339
2.1825000000000001,-0.10257202644862241
2.1837500000000003,-0.098912301823261439
2.1850000000000001,-0.091592852572539504
2.1862500000000002,-0.091592852572539504
2.1875,-0.08793312794717853
2.1887500000000002,-0.084273403321817555
2.1900000000000004,-0.080613678696456581
2.1912500000000001,-0.076953954071095607
2.1925000000000003,-0.073294229445734632
2.1937500000000001,-0.073294229445734632
2.1950000000000003,-0.069634504820373658
2.19625,-0.065974780195012683
2.1975000000000002,-0.062315055569651716
2.19875,-0.058655330944290741
2.2000000000000002,-0.058655330944290741
2.2012500000000004,-0.054995606318929767
2.2025000000000001,-0.051335881693568793
2.2037500000000003,-0.051335881693568793
2.2050000000000001,-0.047676157068207825
2.2062500000000003,-0.047676157068207825
2.2075,-0.044016432442846851
2.2087500000000002,-0.044016432442846851
2.2100000000000004,-0.040356707817485876
2.2112500000000002,-0.040356707817485876
2.2125000000000004,-0.036696983192124902
2.2137500000000001,-0.036696983192124902
2.2150000000000003,-0.036696983192124902
2.2162500000000001,-0.033037258566763927
2.2175000000000002,-0.033037258566763927
2.21875,-0.029377533941402956
2.2200000000000002,-0.029377533941402956
2.2212500000000004,-0.025717809316041982
2.2225000000000001,-0.025717809316041982
2.2237500000000003,-0.022058084690681011
2.2250000000000001,-0.022058084690681011
2.2262500000000003,-0.022058084690681011
2.2275,-0.018398360065320037
2.2287500000000002,-0.014738635439959064
2.23,-0.014738635439959064
2.2312500000000002,-0.011078910814598091
2.2325000000000004,-0.011078910814598091
2.2337500000000001,-0.0074191861892371177
2.2350000000000003,-0.0074191861892371177
2.2362500000000001,-0.0037594615638761445
2.2375000000000003,-0.0037594615638761445
2.23875,-9.9736938515171403e-05
2.2400000000000002,-9.9736938515171403e-05
2.2412500000000004,0.0035599876868458017
2.2425000000000002,0.0035599876868458017
2.2437500000000004,0.0035599876868458017
2.2450000000000001,0.0072197123122067748
2.2462500000000003,0.0072197123122067748
2.2475000000000001,0.010879436937567748
2.2487500000000002,0.010879436937567748
2.25,0.010879436937567748
2.2512500000000002,0.010879436937567748
2.2525000000000004,0.010879436937567748
2.2537500000000001,0.010879436937567748
2.2550000000000003,0.010879436937567748
2.2562500000000001,0.010879436937567748
2.2575000000000003,0.010879436937567748
2.25875,0.010879436937567748
2.2600000000000002,0.0072197123122067748
2.26125,0.0072197123122067748
2.2625000000000002,0.0035599876868458017
2.2637500000000004,0.0035599876868458017
2.2650000000000001,-9.9736938515171403e-05
2.2662500000000003,-9.9736938515171403e-05
2.2675000000000001,-0.0037594615638761445
2.2687500000000003,-0.0074191861892371177
2.27,-0.011078910814598091
2.2712500000000002,-0.014738635439959064
2.2725000000000004,-0.018398360065320037
2.2737500000000002,-0.022058084690681011
2.2750000000000004,-0.025717809316041982
2.2762500000000001,-0.029377533941402956
2.2775000000000003,-0.036696983192124902
2.2787500000000001,-0.040356707817485876
2.2800000000000002,-0.047676157068207825
2.28125,-0.051335881693568793
2.2825000000000002,-0.058655330944290741
2.2837500000000004,-0.065974780195012683
2.2850000000000001,-0.069634504820373658
2.2862500000000003,-0.076953954071095607
2.2875000000000001,-0.084273403321817555
2.2887500000000003,-0.091592852572539504
2.29,-0.098912301823261439
2.2912500000000002,-0.10623175107398339
2.2925,-0.11721092495006631
2.2937500000000002,-0.12453037420078826
2.2950000000000004,-0.1318498234515102
2.2962500000000001,-0.13916927270223214
2.2975000000000003,-0.14648872195295409
2.2987500000000001,-0.15380817120367604
2.3000000000000003,-0.16112762045439799
2.30125,-0.16844706970511994
2.3025000000000002,-0.17576651895584189
2.3037500000000004,-0.18308596820656384
2.3050000000000002,-0.19040541745728579
2.3062500000000004,-0.2013845913333687
2.3075000000000001,-0.20870404058409064
2.3087500000000003,-0.21602348983481259
2.3100000000000001,-0.2270026637108955
2.3112500000000002,-0.23066238833625649
2.3125,-0.2416415622123394
2.3137500000000002,-0.24896101146306135
2.3150000000000004,-0.2562804607137833
2.3162500000000001,-0.26359990996450522
2.3175000000000003,-0.2709193592152272
2.3187500000000001,-0.27457908384058816
2.3200000000000003,-0.28189853309131008
2.32125,-0.28921798234203205
2.3225000000000002,-0.29653743159275398
2.32375,-0.30019715621811499
2.3250000000000002,-0.30751660546883691
2.3262500000000004,-0.31483605471955883
2.3275000000000001,-0.32215550397028081
2.3287500000000003,-0.32581522859564177
2.3300000000000001,-0.32947495322100273
2.3312500000000003,-0.33313467784636375
2.3325,-0.34045412709708567
2.3337500000000002,-0.34411385172244663
2.3350000000000004,-0.34777357634780764
2.3362500000000002,-0.35143330097316861
2.3375000000000004,-0.35509302559852957
2.3387500000000001,-0.35875275022389053
2.3400000000000003,-0.36241247484925149
2.3412500000000001,-0.3660721994746125
2.3425000000000002,-0.3660721994746125
2.34375,-0.36973192409997346
2.3450000000000002,-0.36973192409997346
2.3462500000000004,-0.37339164872533442
2.3475000000000001,-0.37339164872533442
2.3487500000000003,-0.37339164872533442
2.3500000000000001,-0.37339164872533442
2.3512500000000003,-0.37339164872533442
2.3525,-0.37339164872533442
2.3537500000000002,-0.37339164872533442
2.355,-0.37339164872533442
2.3562500000000002,-0.36973192409997346
2.3575000000000004,-0.36973192409997346
2.3587500000000001,-0.3660721994746125
2.3600000000000003,-0.36241247484925149
2.3612500000000001,-0.35875275022389053
2.3625000000000003,-0.35875275022389053
2.36375,-0.35143330097316861
2.3650000000000002,-0.34777357634780764
2.3662500000000004,-0.34045412709708567
2.3675000000000002,-0.33679440247172471
2.3687500000000004,-0.33313467784636375
2.3700000000000001,-0.32581522859564177
2.3712500000000003,-0.32215550397028081
2.3725000000000001,-0.31483605471955883
2.3737500000000002,-0.30751660546883691
2.375,-0.30385688084347595
2.3762500000000002,-0.29653743159275398
2.3775000000000004,-0.28921798234203205
2.3787500000000001,-0.28189853309131008
2.3800000000000003,-0.27457908384058816
2.3812500000000001,-0.2709193592152272
2.3825000000000003,-0.26359990996450522
2.38375,-0.2562804607137833
2.3850000000000002,-0.24896101146306135
2.38625,-0.2416415622123394
2.3875000000000002,-0.23066238833625649
2.3887500000000004,-0.2270026637108955
2.3900000000000001,-0.21968321446017355
2.3912500000000003,-0.2123637652094516
2.3925000000000001,-0.20504431595872966
2.3937500000000003,-0.19772486670800771
2.395,-0.19040541745728579
2.3962500000000002,-0.1867456928319248
2.3975000000000004,-0.17942624358120285
2.3987500000000002,-0.1721067943304809
2.4000000000000004,-0.16478734507975895
2.4012500000000001,-0.157467895829037
2.4025000000000003,-0.15380817120367604
2.4037500000000001,-0.14648872195295409
2.4050000000000002,-0.14282899732759313
2.40625,-0.13916927270223214
2.4075000000000002,-0.1318498234515102
2.4087500000000004,-0.12819009882614923
2.4100000000000001,-0.12453037420078826
2.4112500000000003,-0.12087064957542729
2.4125000000000001,-0.11721092495006631
2.4137500000000003,-0.10989147569934436
2.415,-0.10623175107398339
2.4162500000000002,-0.10257202644862241
2.4175,-0.098912301823261439
2.4187500000000002,-0.095252577197900479
2.4200000000000004,-0.091592852572539504
2.4212500000000001,-0.091592852572539504
2.4225000000000003,-0.08793312794717853
2.4237500000000001,-0.084273403321817555
2.4250000000000003,-0.084273403321817555
2.42625,-0.080613678696456581
2.4275000000000002,-0.080613678696456581
2.4287500000000004,-0.076953954071095607
2.4300000000000002,-0.076953954071095607
2.4312500000000004,-0.073294229445734632
2.4325000000000001,-0.073294229445734632
2.4337500000000003,-0.073294229445734632
2.4350000000000001,-0.073294229445734632
2.4362500000000002,-0.073294229445734632
2.4375,-0.069634504820373658
2.4387500000000002,-0.069634504820373658
2.4400000000000004,-0.073294229445734632
2.4412500000000001,-0.073294229445734632
2.4425000000000003,-0.073294229445734632
2.4437500000000001,-0.076953954071095607
2.4450000000000003,-0.076953954071095607
2.44625,-0.076953954071095607
2.4475000000000002,-0.080613678696456581
2.44875,-0.080613678696456581
2.4500000000000002,-0.080613678696456581
2.4512500000000004,-0.084273403321817555
2.4525000000000001,-0.08793312794717853
2.4537500000000003,-0.08793312794717853
2.4550000000000001,-0.091592852572539504
2.4562500000000003,-0.095252577197900479
2.4575,-0.095252577197900479
2.4587500000000002,-0.098912301823261439
2.4600000000000004,-0.10257202644862241
2.4612500000000002,-0.10623175107398339
2.4625000000000004,-0.10989147569934436
2.4637500000000001,-0.11355120032470534
2.4650000000000003,-0.11721092495006631
2.4662500000000001,-0.12087064957542729
2.4675000000000002,-0.12453037420078826
2.46875,-0.12819009882614923
2.4700000000000002,-0.1318498234515102
2.4712500000000004,-0.13916927270223214
2.4725000000000001,-0.14282899732759313
2.4737500000000003,-0.15014844657831508
2.4750000000000001,-0.15380817120367604
2.4762500000000003,-0.16112762045439799
2.4775,-0.16478734507975895
2.4787500000000002,-0.1721067943304809
2.48,-0.17942624358120285
2.4812500000000002,-0.18308596820656384
2.4825000000000004,-0.19040541745728579
2.4837500000000001,-0.19406514208264675
2.4850000000000003,-0.2013845913333687
2.4862500000000001,-0.20870404058409064
2.4875000000000003,-0.21602348983481259
2.48875,-0.21968321446017355
2.4900000000000002,-0.2270026637108955
2.4912500000000004,-0.23432211296161745
2.4925000000000002,-0.2416415622123394
2.4937500000000004,-0.24530128683770036
2.4950000000000001,-0.25262073608842234
2.4962500000000003,-0.25994018533914426
2.4975000000000001,-0.26359990996450522
2.4987500000000002,-0.2709193592152272
2.5,-0.27457908384058816
2.5012500000000002,-0.28189853309131008
2.5025000000000004,-0.28555825771667109
2.5037500000000001,-0.29287770696739301
2.5050000000000003,-0.29653743159275398
2.5062500000000001,-0.30385688084347595
2.5075000000000003,-0.30751660546883691
2.50875,-0.31117633009419787
2.5100000000000002,-0.31849577934491985
2.51125,-0.32215550397028081
2.5125000000000002,-0.32581522859564177
2.5137500000000004,-0.32947495322100273
2.5150000000000001,-0.33313467784636375
2.5162500000000003,-0.33679440247172471
2.5175000000000001,-0.34411385172244663
2.5187500000000003,-0.34411385172244663
2.52,-0.34777357634780764
2.5212500000000002,-0.35143330097316861
2.5225000000000004,-0.35509302559852957
2.5237500000000002,-0.35875275022389053
2.5250000000000004,-0.35875275022389053
2.5262500000000001,-0.36241247484925149
2.5275000000000003,-0.36241247484925149
2.5287500000000001,-0.3660721994746125
2.5300000000000002,-0.3660721994746125
2.53125,-0.3660721994746125
2.5325000000000002,-0.3660721994746125
2.5337500000000004,-0.3660721994746125
2.5350000000000001,-0.3660721994746125
2.5362500000000003,-0.3660721994746125
2.5375000000000001,-0.3660721994746125
2.5387500000000003,-0.36241247484925149
2.54,-0.36241247484925149
2.5412500000000002,-0.35875275022389053
2.5425,-0.35509302559852957
2.5437500000000002,-0.35509302559852957
2.5450000000000004,-0.35143330097316861
2.5462500000000001,-0.34777357634780764
2.5475000000000003,-0.34045412709708567
2.5487500000000001,-0.33679440247172471
2.5500000000000003,-0.33313467784636375
2.55125,-0.32947495322100273
2.5525000000000002,-0.32581522859564177
2.5537500000000004,-0.31849577934491985
2.5550000000000002,-0.31483605471955883
2.5562500000000004,-0.31117633009419787
2.5575000000000001,-0.30385688084347595
2.5587500000000003,-0.30019715621811499
2.5600000000000001,-0.29653743159275398
2.5612500000000002,-0.28921798234203205
2.5625,-0.28555825771667109
2.5637500000000002,-0.28189853309131008
2.5650000000000004,-0.27457908384058816
2.5662500000000001,-0.2709193592152272
2.5675000000000003,-0.26725963458986624
2.5687500000000001,-0.25994018533914426
2.5700000000000003,-0.2562804607137833
2.57125,-0.25262073608842234
2.5725000000000002,-0.24896101146306135
2.57375,-0.24530128683770036
2.5750000000000002,-0.2416415622123394
2.5762500000000004,-0.23798183758697841
2.5775000000000001,-0.23798183758697841
2.5787500000000003,-0.23432211296161745
2.5800000000000001,-0.23066238833625649
2.5812500000000003,-0.2270026637108955
2.5825,-0.2270026637108955
2.5837500000000002,-0.22334293908553454
2.5850000000000004,-0.22334293908553454
2.5862500000000002,-0.21968321446017355
2.5875000000000004,-0.21968321446017355
2.5887500000000001,-0.21968321446017355
2.5900000000000003,-0.21968321446017355
2.5912500000000001,-0.21968321446017355
2.5925000000000002,-0.21968321446017355
2.59375,-0.21968321446017355
2.5950000000000002,-0.22334293908553454
2.5962500000000004,-0.22334293908553454
2.5975000000000001,-0.22334293908553454
2.5987500000000003,-0.2270026637108955
2.6000000000000001,-0.2270026637108955
2.6012500000000003,-0.23066238833625649
2.6025,-0.23432211296161745
2.6037500000000002,-0.23432211296161745
2.605,-0.23798183758697841
2.6062500000000002,-0.2416415622123394
2.6075000000000004,-0.24530128683770036
2.6087500000000001,-0.24896101146306135
2.6100000000000003,-0.25262073608842234
2.6112500000000001,-0.2562804607137833
2.6125000000000003,-0.25994018533914426
2.61375,-0.26359990996450522
2.6150000000000002,-0.26725963458986624
2.6162500000000004,-0.27457908384058816
2.6175000000000002,-0.27823880846594912
2.6187500000000004,-0.28189853309131008
2.6200000000000001,-0.28555825771667109
2.6212500000000003,-0.29287770696739301
2.6225000000000001,-0.29653743159275398
2.6237500000000002,-0.30385688084347595
2.625,-0.30751660546883691
2.6262500000000002,-0.31483605471955883
2.6275000000000004,-0.31849577934491985
2.6287500000000001,-0.32215550397028081
2.6300000000000003,-0.32581522859564177
2.6312500000000001,-0.33313467784636375
2.6325000000000003,-0.33679440247172471
2.63375,-0.34045412709708567
2.6350000000000002,-0.34411385172244663
2.63625,-0.34777357634780764
2.6375000000000002,-0.35143330097316861
2.6387500000000004,-0.35509302559852957
2.6400000000000001,-0.35875275022389053
2.6412500000000003,-0.36241247484925149
2.6425000000000001,-0.36241247484925149
2.6437500000000003,-0.3660721994746125
2.645,-0.3660721994746125
2.6462500000000002,-0.36973192409997346
2.6475000000000004,-0.36973192409997346
2.6487500000000002,-0.36973192409997346
2.6500000000000004,-0.36973192409997346
2.6512500000000001,-0.36973192409997346
2.6525000000000003,-0.36973192409997346
2.6537500000000001,-0.3660721994746125
2.6550000000000002,-0.3660721994746125
2.65625,-0.36241247484925149
2.6575000000000002,-0.35875275022389053
2.6587500000000004,-0.35509302559852957
2.6600000000000001,-0.35143330097316861
2.6612500000000003,-0.34777357634780764
2.6625000000000001,-0.34411385172244663
2.6637500000000003,-0.34045412709708567
2.665,-0.33313467784636375
2.6662500000000002,-0.32581522859564177
2.6675,-0.32215550397028081
2.6687500000000002,-0.31483605471955883
2.6700000000000004,-0.30751660546883691
2.6712500000000001,-0.30019715621811499
2.6725000000000003,-0.29653743159275398
2.6737500000000001,-0.28921798234203205
2.6750000000000003,-0.28189853309131008
2.67625,-0.27457908384058816
2.6775000000000002,-0.26725963458986624
2.6787500000000004,-0.25994018533914426
2.6800000000000002,-0.25262073608842234
2.6812500000000004,-0.24530128683770036
2.6825000000000001,-0.23798183758697841
2.6837500000000003,-0.23066238833625649
2.6850000000000001,-0.22334293908553454
2.6862500000000002,-0.2123637652094516
2.6875,-0.20504431595872966
2.6887500000000002,-0.19772486670800771
2.6900000000000004,-0.19040541745728579
2.6912500000000001,-0.18308596820656384
2.6925000000000003,-0.17576651895584189
2.6937500000000001,-0.16844706970511994
2.6950000000000003,-0.16478734507975895
2.69625,-0.157467895829037
2.6975000000000002,-0.15014844657831508
2.69875,-0.14282899732759313
2.7000000000000002,-0.13550954807687118
2.7012500000000004,-0.12819009882614923
2.7025000000000001,-0.12453037420078826
2.7037500000000003,-0.11721092495006631
2.7050000000000001,-0.10989147569934436
2.7062500000000003,-0.10623175107398339
2.7075,-0.098912301823261439
2.7087500000000002,-0.095252577197900479
2.7100000000000004,-0.08793312794717853
2.7112500000000002,-0.084273403321817555
2.7125000000000004,-0.076953954071095607
2.7137500000000001,-0.069634504820373658
2.7150000000000003,-0.065974780195012683
2.7162500000000001,-0.062315055569651716
2.7175000000000002,-0.054995606318929767
2.71875,-0.051335881693568793
2.7200000000000002,-0.047676157068207825
2.7212500000000004,-0.040356707817485876
2.7225000000000001,-0.036696983192124902
2.7237500000000003,-0.033037258566763927
2.7250000000000001,-0.029377533941402956
2.7262500000000003,-0.029377533941402956
2.7275,-0.025717809316041982
2.7287500000000002,-0.022058084690681011
2.73,-0.018398360065320037
2.7312500000000002,-0.014738635439959064
2.7325000000000004,-0.011078910814598091
2.7337500000000001,-0.0074191861892371177
2.7350000000000003,-0.0037594615638761445
2.7362500000000001,-9.9736938515171403e-05
2.7375000000000003,0.0035599876868458017
2.73875,0.0035599876868458017
2.7400000000000002,0.0072197123122067748
2.7412500000000004,0.0072197123122067748
2.7425000000000002,0.010879436937567748
2.7437500000000004,0.010879436937567748
2.7450000000000001,0.014539161562928721
2.7462500000000003,0.014539161562928721
2.7475000000000001,0.018198886188289694
2.7487500000000002,0.018198886188289694
2.75,0.021858610813650668
2.7512500000000002,0.021858610813650668
2.7525000000000004,0.021858610813650668
2.7537500000000001,0.021858610813650668
2.7550000000000003,0.025518335439011639
2.7562500000000001,0.021858610813650668
2.7575000000000003,0.021858610813650668
2.75875,0.021858610813650668
2.7600000000000002,0.021858610813650668
2.76125,0.021858610813650668
2.7625000000000002,0.021858610813650668
2.7637500000000004,0.021858610813650668
2.7650000000000001,0.021858610813650668
2.7662500000000003,0.021858610813650668
2.7675000000000001,0.021858610813650668
2.7687500000000003,0.021858610813650668
2.77,0.018198886188289694
2.7712500000000002,0.018198886188289694
2.7725000000000004,0.018198886188289694
2.7737500000000002,0.018198886188289694
2.7750000000000004,0.014539161562928721
2.7762500000000001,0.014539161562928721
2.7775000000000003,0.010879436937567748
2.7787500000000001,0.010879436937567748
2.7800000000000002,0.010879436937567748
2.78125,0.0072197123122067748
2.7825000000000002,0.0072197123122067748
2.7837500000000004,0.0035599876868458017
2.7850000000000001,-9.9736938515171403e-05
2.7862500000000003,-9.9736938515171403e-05
2.7875000000000001,-0.0037594615638761445
2.7887500000000003,-0.0074191861892371177
2.79,-0.011078910814598091
2.7912500000000002,-0.011078910814598091
2.7925,-0.014738635439959064
2.7937500000000002,-0.022058084690681011
2.7950000000000004,-0.022058084690681011
2.7962500000000001,-0.025717809316041982
2.7975000000000003,-0.029377533941402956
2.7987500000000001,-0.036696983192124902
2.8000000000000003,-0.040356707817485876
2.80125,-0.044016432442846851
2.8025000000000002,-0.047676157068207825
2.8037500000000004,-0.054995606318929767
2.8050000000000002,-0.062315055569651716
2.8062500000000004,-0.069634504820373658
2.8075000000000001,-0.073294229445734632
2.8087500000000003,-0.080613678696456581
2.8100000000000001,-0.08793312794717853
2.8112500000000002,-0.095252577197900479
2.8125,-0.10257202644862241
2.8137500000000002,-0.10989147569934436
2.8150000000000004,-0.11355120032470534
2.8162500000000001,-0.12453037420078826
2.8175000000000003,-0.12819009882614923
2.8187500000000001,-0.13550954807687118
2.8200000000000003,-0.14282899732759313
2.82125,-0.15380817120367604
2.8225000000000002,-0.157467895829037
2.82375,-0.16844706970511994
2.8250000000000002,-0.17576651895584189
2.8262500000000004,-0.1867456928319248
2.8275000000000001,-0.19406514208264675
2.8287500000000003,-0.2013845913333687
2.8300000000000001,-0.20870404058409064
2.8312500000000003,-0.21602348983481259
2.8325,-0.22334293908553454
2.8337500000000002,-0.23066238833625649
2.8350000000000004,-0.23798183758697841
2.8362500000000002,-0.24530128683770036
2.8375000000000004,-0.25262073608842234
2.8387500000000001,-0.25994018533914426
2.8400000000000003,-0.26725963458986624
2.8412500000000001,-0.27457908384058816
2.8425000000000002,-0.28189853309131008
2.84375,-0.28921798234203205
2.8450000000000002,-0.29653743159275398
2.8462500000000004,-0.30019715621811499
2.8475000000000001,-0.30751660546883691
2.8487500000000003,-0.31117633009419787
2.8500000000000001,-0.31483605471955883
2.8512500000000003,-0.32215550397028081
2.8525,-0.32581522859564177
2.8537500000000002,-0.32947495322100273
2.855,-0.33679440247172471
2.8562500000000002,-0.34045412709708567
2.8575000000000004,-0.34411385172244663
2.8587500000000001,-0.34777357634780764
2.8600000000000003,-0.35143330097316861
2.8612500000000001,-0.35509302559852957
2.8625000000000003,-0.35875275022389053
2.86375,-0.36241247484925149
2.8650000000000002,-0.3660721994746125
2.8662500000000004,-0.36973192409997346
2.8675000000000002,-0.36973192409997346
2.8687500000000004,-0.37339164872533442
2.8700000000000001,-0.37339164872533442
2.8712500000000003,-0.37705137335069538
2.8725000000000001,-0.37705137335069538
2.8737500000000002,-0.37705137335069538
2.875,-0.3807110979760564
2.8762500000000002,-0.3807110979760564
2.8775000000000004,-0.3807110979760564
2.8787500000000001,-0.3807110979760564
2.8800000000000003,-0.3807110979760564
2.8812500000000001,-0.3807110979760564
2.8825000000000003,-0.37705137335069538
2.88375,-0.37705137335069538
2.8850000000000002,-0.37705137335069538
2.88625,-0.37339164872533442
2.8875000000000002,-0.37339164872533442
2.8887500000000004,-0.36973192409997346
2.8900000000000001,-0.3660721994746125
2.8912500000000003,-0.3660721994746125
2.8925000000000001,-0.36241247484925149
2.8937500000000003,-0.35875275022389053
2.895,-0.35509302559852957
2.8962500000000002,-0.35143330097316861
2.8975000000000004,-0.34777357634780764
2.8987500000000002,-0.34411385172244663
2.9000000000000004,-0.34045412709708567
2.9012500000000001,-0.33679440247172471
2.9025000000000003,-0.33313467784636375
2.9037500000000001,-0.32947495322100273
2.9050000000000002,-0.32581522859564177
2.90625,-0.32215550397028081
2.9075000000000002,-0.31849577934491985
2.9087500000000004,-0.31117633009419787
2.9100000000000001,-0.30751660546883691
2.9112500000000003,-0.30385688084347595
2.9125000000000001,-0.30019715621811499
2.9137500000000003,-0.29287770696739301
2.915,-0.28921798234203205
2.9162500000000002,-0.28555825771667109
2.9175,-0.27823880846594912
2.9187500000000002,-0.27457908384058816
2.9200000000000004,-0.2709193592152272
2.9212500000000001,-0.26359990996450522
2.9225000000000003,-0.25994018533914426
2.9237500000000001,-0.2562804607137833
2.9250000000000003,-0.25262073608842234
2.92625,-0.24530128683770036
2.9275000000000002,-0.2416415622123394
2.9287500000000004,-0.23798183758697841
2.9300000000000002,-0.23066238833625649
2.9312500000000004,-0.2270026637108955
2.9325000000000001,-0.21968321446017355
2.9337500000000003,-0.21602348983481259
2.9350000000000001,-0.20870404058409064
2.9362500000000002,-0.20504431595872966
2.9375,-0.2013845913333687
2.9387500000000002,-0.19406514208264675
2.9400000000000004,-0.19040541745728579
2.9412500000000001,-0.1867456928319248
2.9425000000000003,-0.17942624358120285
2.9437500000000001,-0.17576651895584189
2.9450000000000003,-0.1721067943304809
2.94625,-0.16478734507975895
2.9475000000000002,-0.16112762045439799
2.94875,-0.157467895829037
2.9500000000000002,-0.15014844657831508
2.9512500000000004,-0.14648872195295409
2.9525000000000001,-0.14282899732759313
2.9537500000000003,-0.13916927270223214
2.9550000000000001,-0.13550954807687118
2.9562500000000003,-0.1318498234515102
2.9575,-0.12819009882614923
2.9587500000000002,-0.12453037420078826
2.9600000000000004,-0.12087064957542729
2.9612500000000002,-0.11721092495006631
2.9625000000000004,-0.11355120032470534
2.9637500000000001,-0.10989147569934436
2.9650000000000003,-0.10623175107398339
2.9662500000000001,-0.10623175107398339
2.9675000000000002,-0.10257202644862241
2.96875,-0.098912301823261439
2.9700000000000002,-0.095252577197900479
2.9712500000000004,-0.095252577197900479
2.9725000000000001,-0.091592852572539504
2.9737500000000003,-0.091592852572539504
2.9750000000000001,-0.08793312794717853
2.9762500000000003,-0.08793312794717853
2.9775,-0.084273403321817555
2.9787500000000002,-0.084273403321817555
2.98,-0.080613678696456581
2.9812500000000002,-0.080613678696456581
2.9825000000000004,-0.080613678696456581
2.9837500000000001,-0.080613678696456581
2.9850000000000003,-0.076953954071095607
2.9862500000000001,-0.076953954071095607
2.9875000000000003,-0.076953954071095607
2.98875,-0.076953954071095607
2.9900000000000002,-0.076953954071095607
2.9912500000000004,-0.080613678696456581
2.9925000000000002,-0.080613678696456581
2.9937500000000004,-0.080613678696456581
2.9950000000000001,-0.084273403321817555
2.9962500000000003,-0.084273403321817555
2.9975000000000001,-0.084273403321817555
2.9987500000000002,-0.08793312794717853
3,-0.08793312794717853
3.0012500000000002,-0.091592852572539504
3.0025000000000004,-0.095252577197900479
3.0037500000000001,-0.095252577197900479
3.0050000000000003,-0.098912301823261439
3.0062500000000001,-0.10257202644862241
3.0075000000000003,-0.10623175107398339
3.00875,-0.10989147569934436
3.0100000000000002,-0.11355120032470534
3.01125,-0.11721092495006631
3.0125000000000002,-0.12087064957542729
3.0137500000000004,-0.12453037420078826
3.0150000000000001,-0.12819009882614923
3.0162500000000003,-0.1318498234515102
3.0175000000000001,-0.13550954807687118
3.0187500000000003,-0.13916927270223214
3.02,-0.14282899732759313
3.0212500000000002,-0.14648872195295409
3.0225000000000004,-0.15380817120367604
3.0237500000000002,-0.157467895829037
3.0250000000000004,-0.16112762045439799
3.0262500000000001,-0.16844706970511994
3.0275000000000003,-0.1721067943304809
3.0287500000000001,-0.17942624358120285
3.0300000000000002,-0.18308596820656384
3.03125,-0.19040541745728579
3.0325000000000002,-0.19406514208264675
3.0337500000000004,-0.19772486670800771
3.0350000000000001,-0.2013845913333687
3.0362500000000003,-0.20870404058409064
3.0375000000000001,-0.2123637652094516
3.0387500000000003,-0.21602348983481259
3.04,-0.22334293908553454
3.0412500000000002,-0.2270026637108955
3.0425,-0.23066238833625649
3.0437500000000002,-0.23798183758697841
3.0450000000000004,-0.2416415622123394
3.0462500000000001,-0.24530128683770036
3.0475000000000003,-0.24896101146306135
3.0487500000000001,-0.25262073608842234
3.0500000000000003,-0.25994018533914426
3.05125,-0.26359990996450522
3.0525000000000002,-0.26725963458986624
3.0537500000000004,-0.2709193592152272
3.0550000000000002,-0.27457908384058816
3.0562500000000004,-0.27823880846594912
3.0575000000000001,-0.28555825771667109
3.0587500000000003,-0.28921798234203205
3.0600000000000001,-0.29287770696739301
3.0612500000000002,-0.29653743159275398
3.0625,-0.30019715621811499
3.0637500000000002,-0.30751660546883691
3.0650000000000004,-0.31117633009419787
3.0662500000000001,-0.31483605471955883
3.0675000000000003,-0.31849577934491985
3.0687500000000001,-0.32215550397028081
3.0700000000000003,-0.32581522859564177
3.07125,-0.32947495322100273
3.0725000000000002,-0.33313467784636375
3.07375,-0.33679440247172471
3.0750000000000002,-0.34045412709708567
3.0762500000000004,-0.34411385172244663
3.0775000000000001,-0.34777357634780764
3.0787500000000003,-0.35509302559852957
3.0800000000000001,-0.35875275022389053
3.0812500000000003,-0.36241247484925149
3.0825,-0.3660721994746125
3.0837500000000002,-0.3660721994746125
3.0850000000000004,-0.36973192409997346
3.0862500000000002,-0.37339164872533442
3.0875000000000004,-0.37705137335069538
3.0887500000000001,-0.3807110979760564
3.0900000000000003,-0.3807110979760564
3.0912500000000001,-0.38437082260141736
3.0925000000000002,-0.38803054722677832
3.09375,-0.39169027185213928
3.0950000000000002,-0.39534999647750024
3.0962500000000004,-0.39900972110286126
3.0975000000000001,-0.40266944572822222
3.0987500000000003,-0.40266944572822222
3.1000000000000001,-0.40632917035358318
3.1012500000000003,-0.40998889497894414
3.1025,-0.41364861960430516
3.1037500000000002,-0.41364861960430516
3.105,-0.41730834422966612
3.1062500000000002,-0.42096806885502708
3.1075000000000004,-0.42462779348038804
3.1087500000000001,-0.42828751810574905
3.1100000000000003,-0.42828751810574905
3.1112500000000001,-0.43194724273111001
3.1125000000000003,-0.43560696735647098
3.11375,-0.43560696735647098
3.1150000000000002,-0.43926669198183194
3.1162500000000004,-0.43926669198183194
3.1175000000000002,-0.4429264166071929
3.1187500000000004,-0.4429264166071929
3.1200000000000001,-0.44658614123255391
3.1212500000000003,-0.45024586585791487
3.1225000000000001,-0.45024586585791487
3.1237500000000002,-0.45024586585791487
3.125,-0.45390559048327583
3.1262500000000002,-0.45390559048327583
3.1275000000000004,-0.45390559048327583
3.1287500000000001,-0.45390559048327583
3.1300000000000003,-0.45390559048327583
3.1312500000000001,-0.45390559048327583
3.1325000000000003,-0.45024586585791487
3.13375,-0.45024586585791487
3.1350000000000002,-0.45024586585791487
3.13625,-0.44658614123255391
3.1375000000000002,-0.4429264166071929
3.1387500000000004,-0.4429264166071929
3.1400000000000001,-0.43926669198183194
3.1412500000000003,-0.43926669198183194
3.1425000000000001,-0.43560696735647098
3.1437500000000003,-0.43194724273111001
3.145,-0.42828751810574905
3.1462500000000002,-0.42462779348038804
3.1475000000000004,-0.42096806885502708
3.1487500000000002,-0.41730834422966612
3.1500000000000004,-0.41364861960430516
3.1512500000000001,-0.40998889497894414
3.1525000000000003,-0.40266944572822222
3.1537500000000001,-0.39900972110286126
3.1550000000000002,-0.39534999647750024
3.15625,-0.39169027185213928
3.1575000000000002,-0.38803054722677832
3.1587500000000004,-0.38437082260141736
3.1600000000000001,-0.3807110979760564
3.1612500000000003,-0.37705137335069538
3.1625000000000001,-0.37339164872533442
3.1637500000000003,-0.36973192409997346
3.165,-0.36241247484925149
3.1662500000000002,-0.35875275022389053
3.1675,-0.35509302559852957
3.1687500000000002,-0.35143330097316861
3.1700000000000004,-0.34411385172244663
3.1712500000000001,-0.34045412709708567
3.1725000000000003,-0.33679440247172471
3.1737500000000001,-0.33313467784636375
3.1750000000000003,-0.32947495322100273
3.17625,-0.32581522859564177
3.1775000000000002,-0.32215550397028081
3.1787500000000004,-0.31849577934491985
3.1800000000000002,-0.31483605471955883
3.1812500000000004,-0.31117633009419787
3.1825000000000001,-0.30751660546883691
3.1837500000000003,-0.30385688084347595
3.1850000000000001,-0.30019715621811499
3.1862500000000002,-0.29653743159275398
3.1875,-0.29287770696739301
3.1887500000000002,-0.28921798234203205
3.1900000000000004,-0.28555825771667109
3.1912500000000001,-0.28189853309131008
3.1925000000000003,-0.27823880846594912
3.1937500000000001,-0.27457908384058816
3.1950000000000003,-0.2709193592152272
3.19625,-0.26725963458986624
3.1975000000000002,-0.26359990996450522
3.19875,-0.25994018533914426
3.2000000000000002,-0.2562804607137833
3.2012500000000004,-0.25262073608842234
3.2025000000000001,-0.25262073608842234
3.2037500000000003,-0.24896101146306135
3.2050000000000001,-0.24530128683770036
3.2062500000000003,-0.2416415622123394
3.2075,-0.23798183758697841
3.2087500000000002,-0.23798183758697841
3.2100000000000004,-0.23432211296161745
3.2112500000000002,-0.23066238833625649
3.2125000000000004,-0.2270026637108955
3.2137500000000001,-0.22334293908553454
3.2150000000000003,-0.21968321446017355
3.2162500000000001,-0.21968321446017355
3.2175000000000002,-0.21602348983481259
3.21875,-0.2123637652094516
3.2200000000000002,-0.20870404058409064
3.2212500000000004,-0.20870404058409064
3.2225000000000001,-0.20504431595872966
3.2237500000000003,-0.2013845913333687
3.2250000000000001,-0.2013845913333687
3.2262500000000003,-0.19772486670800771
3.2275,-0.19406514208264675
3.2287500000000002,-0.19406514208264675
3.23,-0.19040541745728579
3.2312500000000002,-0.1867456928319248
3.2325000000000004,-0.18308596820656384
3.2337500000000001,-0.17942624358120285
3.2350000000000003,-0.17576651895584189
3.2362500000000001,-0.1721067943304809
3.2375000000000003,-0.16844706970511994
3.23875,-0.16844706970511994
3.2400000000000002,-0.16478734507975895
3.2412500000000004,-0.16112762045439799
3.2425000000000002,-0.157467895829037
3.2437500000000004,-0.15380817120367604
3.2450000000000001,-0.15014844657831508
3.2462500000000003,-0.14648872195295409
3.2475000000000001,-0.14282899732759313
3.2487500000000002,-0.13916927270223214
3.25,-0.13550954807687118
3.2512500000000002,-0.1318498234515102
3.2525000000000004,-0.12819009882614923
3.2537500000000001,-0.12819009882614923
3.2550000000000003,-0.12453037420078826
3.2562500000000001,-0.12087064957542729
3.2575000000000003,-0.11721092495006631
3.25875,-0.11355120032470534
3.2600000000000002,-0.10989147569934436
3.26125,-0.10623175107398339
3.2625000000000002,-0.10257202644862241
3.2637500000000004,-0.098912301823261439
3.2650000000000001,-0.095252577197900479
3.2662500000000003,-0.091592852572539504
3.2675000000000001,-0.08793312794717853
3.2687500000000003,-0.084273403321817555
3.27,-0.080613678696456581
3.2712500000000002,-0.076953954071095607
3.2725000000000004,-0.073294229445734632
3.2737500000000002,-0.069634504820373658
3.2750000000000004,-0.069634504820373658
3.2762500000000001,-0.065974780195012683
3.2775000000000003,-0.062315055569651716
3.2787500000000001,-0.058655330944290741
3.2800000000000002,-0.054995606318929767
3.28125,-0.047676157068207825
3.2825000000000002,-0.044016432442846851
3.2837500000000004,-0.044016432442846851
3.2850000000000001,-0.040356707817485876
3.2862500000000003,-0.036696983192124902
3.2875000000000001,-0.029377533941402956
3.2887500000000003,-0.029377533941402956
3.29,-0.025717809316041982
3.2912500000000002,-0.022058084690681011
3.2925,-0.018398360065320037
3.2937500000000002,-0.014738635439959064
3.2950000000000004,-0.011078910814598091
3.2962500000000001,-0.0074191861892371177
3.2975000000000003,-0.0037594615638761445
3.2987500000000001,-9.9736938515171403e-05
3.3000000000000003,0.0035599876868458017
3.30125,0.0072197123122067748
3.3025000000000002,0.010879436937567748
3.3037500000000004,0.010879436937567748
3.3050000000000002,0.014539161562928721
3.3062500000000004,0.018198886188289694
3.3075000000000001,0.021858610813650668
3.3087500000000003,0.021858610813650668
3.3100000000000001,0.025518335439011639
3.3112500000000002,0.029178060064372614
3.3125,0.029178060064372614
3.3137500000000002,0.032837784689733585
3.3150000000000004,0.036497509315094559
3.3162500000000001,0.036497509315094559
3.3175000000000003,0.040157233940455533
3.3187500000000001,0.040157233940455533
3.3200000000000003,0.043816958565816508
3.32125,0.043816958565816508
3.3225000000000002,0.043816958565816508
3.32375,0.043816958565816508
3.3250000000000002,0.047476683191177482
3.3262500000000004,0.047476683191177482
3.3275000000000001,0.047476683191177482
3.3287500000000003,0.043816958565816508
3.3300000000000001,0.043816958565816508
3.3312500000000003,0.043816958565816508
3.3325,0.043816958565816508
3.3337500000000002,0.043816958565816508
3.3350000000000004,0.043816958565816508
3.3362500000000002,0.040157233940455533
3.3375000000000004,0.040157233940455533
3.3387500000000001,0.036497509315094559
3.3400000000000003,0.032837784689733585
3.3412500000000001,0.032837784689733585
3.3425000000000002,0.025518335439011639
3.34375,0.025518335439011639
3.3450000000000002,0.021858610813650668
3.3462500000000004,0.018198886188289694
3.3475000000000001,0.014539161562928721
3.3487500000000003,0.0072197123122067748
3.3500000000000001,0.0035599876868458017
3.3512500000000003,-9.9736938515171403e-05
3.3525,-0.0074191861892371177
3.3537500000000002,-0.011078910814598091
3.355,-0.018398360065320037
3.3562500000000002,-0.025717809316041982
3.3575000000000004,-0.033037258566763927
3.3587500000000001,-0.040356707817485876
3.3600000000000003,-0.047676157068207825
3.3612500000000001,-0.058655330944290741
3.3625000000000003,-0.065974780195012683
3.36375,-0.073294229445734632
3.3650000000000002,-0.080613678696456581
3.3662500000000004,-0.08793312794717853
3.3675000000000002,-0.098912301823261439
3.3687500000000004,-0.10623175107398339
3.3700000000000001,-0.11721092495006631
3.3712500000000003,-0.12453037420078826
3.3725000000000001,-0.1318498234515102
3.3737500000000002,-0.14282899732759313
3.375,-0.15014844657831508
3.3762500000000002,-0.16112762045439799
3.3775000000000004,-0.16844706970511994
3.3787500000000001,-0.17942624358120285
3.3800000000000003,-0.1867456928319248
3.3812500000000001,-0.19772486670800771
3.3825000000000003,-0.20504431595872966
3.38375,-0.2123637652094516
3.3850000000000002,-0.21968321446017355
3.38625,-0.2270026637108955
3.3875000000000002,-0.23432211296161745
3.3887500000000004,-0.2416415622123394
3.3900000000000001,-0.25262073608842234
3.3912500000000003,-0.25994018533914426
3.3925000000000001,-0.26359990996450522
3.3937500000000003,-0.2709193592152272
3.395,-0.27823880846594912
3.3962500000000002,-0.28189853309131008
3.3975000000000004,-0.28921798234203205
3.3987500000000002,-0.29653743159275398
3.4000000000000004,-0.30019715621811499
3.4012500000000001,-0.30751660546883691
3.4025000000000003,-0.31117633009419787
3.4037500000000001,-0.31483605471955883
3.4050000000000002,-0.31849577934491985
3.40625,-0.32581522859564177
3.4075000000000002,-0.32947495322100273
3.4087500000000004,-0.33313467784636375
3.4100000000000001,-0.33679440247172471
3.4112500000000003,-0.34045412709708567
3.4125000000000001,-0.34411385172244663
3.4137500000000003,-0.34777357634780764
3.415,-0.35143330097316861
3.4162500000000002,-0.35509302559852957
3.4175,-0.35509302559852957
3.4187500000000002,-0.35875275022389053
3.4200000000000004,-0.35875275022389053
3.4212500000000001,-0.36241247484925149
3.4225000000000003,-0.36241247484925149
3.4237500000000001,-0.3660721994746125
3.4250000000000003,-0.3660721994746125
3.42625,-0.36973192409997346
3.4275000000000002,-0.36973192409997346
3.4287500000000004,-0.36973192409997346
3.4300000000000002,-0.36973192409997346
3.4312500000000004,-0.36973192409997346
3.4325000000000001,-0.36973192409997346
3.4337500000000003,-0.36973192409997346
3.4350000000000001,-0.36973192409997346
3.4362500000000002,-0.3660721994746125
3.4375,-0.3660721994746125
3.4387500000000002,-0.3660721994746125
3.4400000000000004,-0.36241247484925149
3.4412500000000001,-0.36241247484925149
3.4425000000000003,-0.35875275022389053
3.4437500000000001,-0.35875275022389053
3.4450000000000003,-0.35509302559852957
3.44625,-0.35509302559852957
3.4475000000000002,-0.35143330097316861
3.44875,-0.34777357634780764
3.4500000000000002,-0.34411385172244663
3.4512500000000004,-0.34045412709708567
3.4525000000000001,-0.33679440247172471
3.4537500000000003,-0.33313467784636375
3.4550000000000001,-0.32947495322100273
3.4562500000000003,-0.32581522859564177
3.4575,-0.32215550397028081
3.4587500000000002,-0.31849577934491985
3.4600000000000004,-0.31483605471955883
3.4612500000000002,-0.31117633009419787
3.4625000000000004,-0.30751660546883691
3.4637500000000001,-0.30385688084347595
3.4650000000000003,-0.30019715621811499
3.4662500000000001,-0.29287770696739301
3.4675000000000002,-0.28921798234203205
3.46875,-0.28555825771667109
3.4700000000000002,-0.28189853309131008
3.4712500000000004,-0.27457908384058816
3.4725000000000001,-0.2709193592152272
3.4737500000000003,-0.26725963458986624
3.4750000000000001,-0.26359990996450522
3.4762500000000003,-0.25994018533914426
3.4775,-0.2562804607137833
3.4787500000000002,-0.25262073608842234
3.48,-0.24896101146306135
3.4812500000000002,-0.24530128683770036
3.4825000000000004,-0.2416415622123394
3.4837500000000001,-0.23432211296161745
3.4850000000000003,-0.23066238833625649
3.4862500000000001,-0.2270026637108955
3.4875000000000003,-0.22334293908553454
3.48875,-0.21968321446017355
3.4900000000000002,-0.21602348983481259
3.4912500000000004,-0.2123637652094516
3.4925000000000002,-0.20870404058409064
3.4937500000000004,-0.20870404058409064
3.4950000000000001,-0.20504431595872966
3.4962500000000003,-0.2013845913333687
3.4975000000000001,-0.19772486670800771
3.4987500000000002,-0.19406514208264675
3.5,-0.19406514208264675
3.5012500000000002,-0.19040541745728579
3.5025000000000004,-0.1867456928319248
3.5037500000000001,-0.18308596820656384
3.5050000000000003,-0.18308596820656384
3.5062500000000001,-0.17942624358120285
3.5075000000000003,-0.17942624358120285
3.50875,-0.17576651895584189
3.5100000000000002,-0.17576651895584189
3.51125,-0.1721067943304809
3.5125000000000002,-0.1721067943304809
3.5137500000000004,-0.16844706970511994
3.5150000000000001,-0.16844706970511994
3.5162500000000003,-0.16478734507975895
3.5175000000000001,-0.16478734507975895
3.5187500000000003,-0.16478734507975895
3.52,-0.16112762045439799
3.5212500000000002,-0.16112762045439799
3.5225000000000004,-0.16112762045439799
3.5237500000000002,-0.157467895829037
3.5250000000000004,-0.157467895829037
3.5262500000000001,-0.157467895829037
3.5275000000000003,-0.157467895829037
3.5287500000000001,-0.157467895829037
3.5300000000000002,-0.157467895829037
3.53125,-0.15380817120367604
3.5325000000000002,-0.15380817120367604
3.5337500000000004,-0.15380817120367604
3.5350000000000001,-0.15380817120367604
3.5362500000000003,-0.15380817120367604
3.5375000000000001,-0.15380817120367604
3.5387500000000003,-0.15380817120367604
3.54,-0.15380817120367604
3.5412500000000002,-0.157467895829037
3.5425,-0.157467895829037
3.5437500000000002,-0.157467895829037
3.5450000000000004,-0.157467895829037
3.5462500000000001,-0.16112762045439799
3.5475000000000003,-0.16112762045439799
3.5487500000000001,-0.16478734507975895
3.5500000000000003,-0.16478734507975895
3.55125,-0.16844706970511994
3.5525000000000002,-0.16844706970511994
3.5537500000000004,-0.1721067943304809
3.5550000000000002,-0.17576651895584189
3.5562500000000004,-0.17942624358120285
3.5575000000000001,-0.18308596820656384
3.5587500000000003,-0.18308596820656384
3.5600000000000001,-0.1867456928319248
3.5612500000000002,-0.19040541745728579
3.5625,-0.19406514208264675
3.5637500000000002,-0.19772486670800771
3.5650000000000004,-0.2013845913333687
3.5662500000000001,-0.20504431595872966
3.5675000000000003,-0.20870404058409064
3.5687500000000001,-0.2123637652094516
3.5700000000000003,-0.21602348983481259
3.57125,-0.22334293908553454
3.5725000000000002,-0.2270026637108955
3.57375,-0.23066238833625649
3.5750000000000002,-0.23798183758697841
3.5762500000000004,-0.2416415622123394
3.5775000000000001,-0.24530128683770036
3.5787500000000003,-0.25262073608842234
3.5800000000000001,-0.2562804607137833
3.5812500000000003,-0.26359990996450522
3.5825,-0.26725963458986624
3.5837500000000002,-0.2709193592152272
3.5850000000000004,-0.27823880846594912
3.5862500000000002,-0.28189853309131008
3.5875000000000004,-0.28555825771667109
3.5887500000000001,-0.29287770696739301
3.5900000000000003,-0.29653743159275398
3.5912500000000001,-0.30019715621811499
3.5925000000000002,-0.30751660546883691
3.59375,-0.31117633009419787
3.5950000000000002,-0.31483605471955883
3.5962500000000004,-0.31849577934491985
3.5975000000000001,-0.32581522859564177
3.5987500000000003,-0.32947495322100273
3.6000000000000001,-0.33313467784636375
3.6012500000000003,-0.33679440247172471
3.6025,-0.34045412709708567
3.6037500000000002,-0.34411385172244663
3.605,-0.34777357634780764
3.6062500000000002,-0.35143330097316861
3.6075000000000004,-0.35509302559852957
3.6087500000000001,-0.35875275022389053
3.6100000000000003,-0.36241247484925149
3.6112500000000001,-0.3660721994746125
3.6125000000000003,-0.36973192409997346
3.61375,-0.37339164872533442
3.6150000000000002,-0.37339164872533442
3.6162500000000004,-0.37705137335069538
3.6175000000000002,-0.37705137335069538
3.6187500000000004,-0.3807110979760564
3.6200000000000001,-0.3807110979760564
3.6212500000000003,-0.3807110979760564
3.6225000000000001,-0.3807110979760564
3.6237500000000002,-0.38437082260141736
3.625,-0.38437082260141736
3.6262500000000002,-0.38437082260141736
3.6275000000000004,-0.3807110979760564
3.6287500000000001,-0.3807110979760564
3.6300000000000003,-0.3807110979760564
3.6312500000000001,-0.37705137335069538
3.6325000000000003,-0.37705137335069538
3.63375,-0.37339164872533442
3.6350000000000002,-0.36973192409997346
3.63625,-0.3660721994746125
3.6375000000000002,-0.36241247484925149
3.6387500000000004,-0.35875275022389053
3.6400000000000001,-0.35875275022389053
3.6412500000000003,-0.35509302559852957
3.6425000000000001,-0.35143330097316861
3.6437500000000003,-0.34777357634780764
3.645,-0.34411385172244663
3.6462500000000002,-0.34045412709708567
3.6475000000000004,-0.33313467784636375
3.6487500000000002,-0.32947495322100273
3.6500000000000004,-0.32581522859564177
3.6512500000000001,-0.32215550397028081
3.6525000000000003,-0.31483605471955883
3.6537500000000001,-0.31117633009419787
3.6550000000000002,-0.30751660546883691
3.65625,-0.30385688084347595
3.6575000000000002,-0.30019715621811499
3.6587500000000004,-0.29653743159275398
3.6600000000000001,-0.29287770696739301
3.6612500000000003,-0.28921798234203205
3.6625000000000001,-0.28555825771667109
3.6637500000000003,-0.28189853309131008
3.665,-0.27823880846594912
3.6662500000000002,-0.27823880846594912
3.6675,-0.2709193592152272
3.6687500000000002,-0.2709193592152272
3.6700000000000004,-0.26725963458986624
3.6712500000000001,-0.26359990996450522
3.6725000000000003,-0.26359990996450522
3.6737500000000001,-0.25994018533914426
3.6750000000000003,-0.25994018533914426
3.67625,-0.2562804607137833
3.6775000000000002,-0.2562804607137833
3.6787500000000004,-0.25262073608842234
3.6800000000000002,-0.25262073608842234
3.6812500000000004,-0.24896101146306135
3.6825000000000001,-0.24896101146306135
3.6837500000000003,-0.24896101146306135
3.6850000000000001,-0.24530128683770036
3.6862500000000002,-0.24530128683770036
3.6875,-0.24530128683770036
3.6887500000000002,-0.24530128683770036
3.6900000000000004,-0.24896101146306135
3.6912500000000001,-0.24896101146306135
3.6925000000000003,-0.24896101146306135
3.6937500000000001,-0.24896101146306135
3.6950000000000003,-0.24896101146306135
3.69625,-0.25262073608842234
3.6975000000000002,-0.25262073608842234
3.69875,-0.2562804607137833
3.7000000000000002,-0.2562804607137833
3.7012500000000004,-0.2562804607137833
3.7025000000000001,-0.25994018533914426
3.7037500000000003,-0.26359990996450522
3.7050000000000001,-0.26359990996450522
3.7062500000000003,-0.26725963458986624
3.7075,-0.2709193592152272
3.7087500000000002,-0.2709193592152272
3.7100000000000004,-0.27457908384058816
3.7112500000000002,-0.27823880846594912
3.7125000000000004,-0.28189853309131008
3.7137500000000001,-0.28555825771667109
3.7150000000000003,-0.28921798234203205
3.7162500000000001,-0.29287770696739301
3.7175000000000002,-0.29653743159275398
3.71875,-0.29653743159275398
3.7200000000000002,-0.30019715621811499
3.7212500000000004,-0.30385688084347595
3.7225000000000001,-0.31117633009419787
3.7237500000000003,-0.31483605471955883
3.7250000000000001,-0.31849577934491985
3.7262500000000003,-0.31849577934491985
3.7275,-0.32581522859564177
3.7287500000000002,-0.32581522859564177
3.73,-0.32947495322100273
3.7312500000000002,-0.33313467784636375
3.7325000000000004,-0.33679440247172471
3.7337500000000001,-0.34045412709708567
3.7350000000000003,-0.34045412709708567
3.7362500000000001,-0.34411385172244663
3.7375000000000003,-0.34777357634780764
3.73875,-0.34777357634780764
3.7400000000000002,-0.35143330097316861
3.7412500000000004,-0.35509302559852957
3.7425000000000002,-0.35509302559852957
3.7437500000000004,-0.35509302559852957
3.7450000000000001,-0.35875275022389053
3.7462500000000003,-0.35875275022389053
3.7475000000000001,-0.35875275022389053
3.7487500000000002,-0.35875275022389053
3.75,-0.35875275022389053
3.7512500000000002,-0.35509302559852957
3.7525000000000004,-0.35509302559852957
3.7537500000000001,-0.35509302559852957
3.7550000000000003,-0.35143330097316861
3.7562500000000001,-0.35143330097316861
3.7575000000000003,-0.34777357634780764
3.75875,-0.34777357634780764
3.7600000000000002,-0.34411385172244663
3.76125,-0.34045412709708567
3.7625000000000002,-0.33679440247172471
3.7637500000000004,-0.33313467784636375
3.7650000000000001,-0.32947495322100273
3.7662500000000003,-0.32581522859564177
3.7675000000000001,-0.32215550397028081
3.7687500000000003,-0.31849577934491985
3.77,-0.31117633009419787
3.7712500000000002,-0.30751660546883691
3.7725000000000004,-0.30385688084347595
3.7737500000000002,-0.29653743159275398
3.7750000000000004,-0.29287770696739301
3.7762500000000001,-0.28921798234203205
3.7775000000000003,-0.28189853309131008
3.7787500000000001,-0.27823880846594912
3.7800000000000002,-0.2709193592152272
3.78125,-0.26725963458986624
3.7825000000000002,-0.25994018533914426
3.7837500000000004,-0.25262073608842234
3.7850000000000001,-0.24530128683770036
3.7862500000000003,-0.23798183758697841
3.7875000000000001,-0.23432211296161745
3.7887500000000003,-0.2270026637108955
3.79,-0.21968321446017355
3.7912500000000002,-0.2123637652094516
3.7925,-0.20504431595872966
3.7937500000000002,-0.2013845913333687
3.7950000000000004,-0.19406514208264675
3.7962500000000001,-0.1867456928319248
3.7975000000000003,-0.17942624358120285
3.7987500000000001,-0.1721067943304809
3.8000000000000003,-0.16478734507975895
3.80125,-0.157467895829037
3.8025000000000002,-0.15014844657831508
3.8037500000000004,-0.14648872195295409
3.8050000000000002,-0.13916927270223214
3.8062500000000004,-0.1318498234515102
3.8075000000000001,-0.12819009882614923
3.8087500000000003,-0.12087064957542729
3.8100000000000001,-0.11721092495006631
3.8112500000000002,-0.10989147569934436
3.8125,-0.10623175107398339
3.8137500000000002,-0.098912301823261439
3.8150000000000004,-0.095252577197900479
3.8162500000000001,-0.091592852572539504
3.8175000000000003,-0.084273403321817555
3.8187500000000001,-0.080613678696456581
3.8200000000000003,-0.076953954071095607
3.82125,-0.073294229445734632
3.8225000000000002,-0.069634504820373658
3.82375,-0.065974780195012683
3.8250000000000002,-0.062315055569651716
3.8262500000000004,-0.058655330944290741
3.8275000000000001,-0.058655330944290741
3.8287500000000003,-0.054995606318929767
3.8300000000000001,-0.051335881693568793
3.8312500000000003,-0.047676157068207825
3.8325,-0.047676157068207825
3.8337500000000002,-0.044016432442846851
3.8350000000000004,-0.040356707817485876
3.8362500000000002,-0.040356707817485876
3.8375000000000004,-0.036696983192124902
3.8387500000000001,-0.036696983192124902
3.8400000000000003,-0.036696983192124902
3.8412500000000001,-0.033037258566763927
3.8425000000000002,-0.033037258566763927
3.84375,-0.033037258566763927
3.8450000000000002,-0.033037258566763927
3.8462500000000004,-0.033037258566763927
3.8475000000000001,-0.033037258566763927
3.8487500000000003,-0.033037258566763927
3.8500000000000001,-0.033037258566763927
3.8512500000000003,-0.033037258566763927
3.8525,-0.033037258566763927
3.8537500000000002,-0.033037258566763927
3.855,-0.033037258566763927
3.8562500000000002,-0.033037258566763927
3.8575000000000004,-0.033037258566763927
3.8587500000000001,-0.036696983192124902
3.8600000000000003,-0.036696983192124902
3.8612500000000001,-0.040356707817485876
3.8625000000000003,-0.040356707817485876
3.86375,-0.040356707817485876
3.8650000000000002,-0.040356707817485876
3.8662500000000004,-0.044016432442846851
3.8675000000000002,-0.044016432442846851
3.8687500000000004,-0.044016432442846851
3.8700000000000001,-0.047676157068207825
3.8712500000000003,-0.047676157068207825
3.8725000000000001,-0.051335881693568793
3.8737500000000002,-0.051335881693568793
3.875,-0.054995606318929767
3.8762500000000002,-0.058655330944290741
3.8775000000000004,-0.062315055569651716
3.8787500000000001,-0.065974780195012683
3.8800000000000003,-0.065974780195012683
3.8812500000000001,-0.069634504820373658
3.8825000000000003,-0.073294229445734632
3.88375,-0.076953954071095607
3.8850000000000002,-0.076953954071095607
3.88625,-0.080613678696456581
3.8875000000000002,-0.084273403321817555
3.8887500000000004,-0.08793312794717853
3.8900000000000001,-0.095252577197900479
3.8912500000000003,-0.098912301823261439
3.8925000000000001,-0.10257202644862241
3.8937500000000003,-0.10623175107398339
3.895,-0.11355120032470534
3.8962500000000002,-0.11721092495006631
3.8975000000000004,-0.12453037420078826
3.8987500000000002,-0.12819009882614923
3.9000000000000004,-0.13550954807687118
3.9012500000000001,-0.14282899732759313
3.9025000000000003,-0.14648872195295409
3.9037500000000001,-0.15380817120367604
3.9050000000000002,-0.16112762045439799
3.90625,-0.1721067943304809
3.9075000000000002,-0.17942624358120285
3.9087500000000004,-0.1867456928319248
3.9100000000000001,-0.19406514208264675
3.9112500000000003,-0.2013845913333687
3.9125000000000001,-0.2123637652094516
3.9137500000000003,-0.21968321446017355
3.915,-0.2270026637108955
3.9162500000000002,-0.23432211296161745
3.9175,-0.2416415622123394
3.9187500000000002,-0.25262073608842234
3.9200000000000004,-0.25994018533914426
3.9212500000000001,-0.26725963458986624
3.9225000000000003,-0.27823880846594912
3.9237500000000001,-0.28555825771667109
3.9250000000000003,-0.29287770696739301
3.92625,-0.30019715621811499
3.9275000000000002,-0.31117633009419787
3.9287500000000004,-0.31849577934491985
3.9300000000000002,-0.32581522859564177
3.9312500000000004,-0.33313467784636375
3.9325000000000001,-0.34045412709708567
3.9337500000000003,-0.34777357634780764
3.9350000000000001,-0.35509302559852957
3.9362500000000002,-0.36241247484925149
3.9375,-0.36973192409997346
3.9387500000000002,-0.37339164872533442
3.9400000000000004,-0.3807110979760564
3.9412500000000001,-0.38437082260141736
3.9425000000000003,-0.39169027185213928
3.9437500000000001,-0.39900972110286126
3.9450000000000003,-0.40266944572822222
3.94625,-0.40998889497894414
3.9475000000000002,-0.41364861960430516
3.94875,-0.41730834422966612
3.9500000000000002,-0.42096806885502708
3.9512500000000004,-0.42462779348038804
3.9525000000000001,-0.42828751810574905
3.9537500000000003,-0.43194724273111001
3.9550000000000001,-0.43560696735647098
3.9562500000000003,-0.43926669198183194
3.9575,-0.43926669198183194
3.9587500000000002,-0.4429264166071929
3.9600000000000004,-0.4429264166071929
3.9612500000000002,-0.44658614123255391
3.9625000000000004,-0.44658614123255391
3.9637500000000001,-0.45024586585791487
3.9650000000000003,-0.45024586585791487
3.9662500000000001,-0.45024586585791487
3.9675000000000002,-0.45024586585791487
3.96875,-0.45024586585791487
3.9700000000000002,-0.44658614123255391
3.9712500000000004,-0.44658614123255391
3.9725000000000001,-0.44658614123255391
3.9737500000000003,-0.4429264166071929
3.9750000000000001,-0.4429264166071929
3.9762500000000003,-0.43926669198183194
3.9775,-0.43560696735647098
3.9787500000000002,-0.43194724273111001
3.98,-0.43194724273111001
3.9812500000000002,-0.42828751810574905
3.9825000000000004,-0.42462779348038804
3.9837500000000001,-0.42096806885502708
3.9850000000000003,-0.41364861960430516
3.9862500000000001,-0.40998889497894414
3.9875000000000003,-0.40632917035358318
3.98875,-0.40266944572822222
3.9900000000000002,-0.39900972110286126
3.9912500000000004,-0.39169027185213928
3.9925000000000002,-0.38803054722677832
3.9937500000000004,-0.38437082260141736
3.9950000000000001,-0.3807110979760564
3.9962500000000003,-0.37339164872533442
3.9975000000000001,-0.36973192409997346
3.9987500000000002,-0.36241247484925149
4,-0.35875275022389053
4.0012499999999998,-0.35509302559852957
4.0024999999999995,-0.34777357634780764
4.0037500000000001,-0.34045412709708567
4.0049999999999999,-0.33679440247172471
4.0062499999999996,-0.32947495322100273
4.0074999999999994,-0.32581522859564177
4.00875,-0.32215550397028081
4.0099999999999998,-0.31483605471955883
4.0112499999999995,-0.31117633009419787
4.0125000000000002,-0.30751660546883691
4.0137499999999999,-0.30019715621811499
4.0149999999999997,-0.29653743159275398
4.0162499999999994,-0.28921798234203205
4.0175000000000001,-0.28555825771667109
4.0187499999999998,-0.27823880846594912
4.0199999999999996,-0.27457908384058816
4.0212499999999993,-0.2709193592152272
4.0225,-0.26359990996450522
4.0237499999999997,-0.25994018533914426
4.0249999999999995,-0.25262073608842234
4.0262500000000001,-0.24896101146306135
4.0274999999999999,-0.2416415622123394
4.0287499999999996,-0.23798183758697841
4.0299999999999994,-0.23066238833625649
4.03125,-0.2270026637108955
4.0324999999999998,-0.22334293908553454
4.0337499999999995,-0.21602348983481259
4.0350000000000001,-0.2123637652094516
4.0362499999999999,-0.20504431595872966
4.0374999999999996,-0.2013845913333687
4.0387499999999994,-0.19772486670800771
4.04,-0.19406514208264675
4.0412499999999998,-0.19040541745728579
4.0424999999999995,-0.1867456928319248
4.0437500000000002,-0.17942624358120285
4.0449999999999999,-0.17576651895584189
4.0462499999999997,-0.1721067943304809
4.0474999999999994,-0.16844706970511994
4.0487500000000001,-0.16478734507975895
4.0499999999999998,-0.16112762045439799
4.0512499999999996,-0.157467895829037
4.0524999999999993,-0.15380817120367604
4.05375,-0.15014844657831508
4.0549999999999997,-0.14648872195295409
4.0562499999999995,-0.14282899732759313
4.0575000000000001,-0.13916927270223214
4.0587499999999999,-0.13550954807687118
4.0599999999999996,-0.1318498234515102
4.0612499999999994,-0.1318498234515102
4.0625,-0.12819009882614923
4.0637499999999998,-0.12819009882614923
4.0649999999999995,-0.12453037420078826
4.0662500000000001,-0.12087064957542729
4.0674999999999999,-0.12087064957542729
4.0687499999999996,-0.11721092495006631
4.0699999999999994,-0.11355120032470534
4.07125,-0.11355120032470534
4.0724999999999998,-0.11355120032470534
4.0737499999999995,-0.10989147569934436
4.0750000000000002,-0.10989147569934436
4.0762499999999999,-0.10989147569934436
4.0774999999999997,-0.10989147569934436
4.0787499999999994,-0.10989147569934436
4.0800000000000001,-0.10989147569934436
4.0812499999999998,-0.10623175107398339
4.0824999999999996,-0.10623175107398339
4.0837499999999993,-0.10623175107398339
4.085,-0.10623175107398339
4.0862499999999997,-0.10623175107398339
4.0874999999999995,-0.10623175107398339
4.0887500000000001,-0.10623175107398339
4.0899999999999999,-0.10989147569934436
4.0912499999999996,-0.10989147569934436
4.0924999999999994,-0.11355120032470534
4.09375,-0.11355120032470534
4.0949999999999998,-0.11355120032470534
4.0962499999999995,-0.11721092495006631
4.0975000000000001,-0.11721092495006631
4.0987499999999999,-0.12087064957542729
4.0999999999999996,-0.12087064957542729
4.1012499999999994,-0.12453037420078826
4.1025,-0.12453037420078826
4.1037499999999998,-0.12819009882614923
4.1049999999999995,-0.12819009882614923
4.1062500000000002,-0.1318498234515102
4.1074999999999999,-0.13550954807687118
4.1087499999999997,-0.13916927270223214
4.1099999999999994,-0.13916927270223214
4.1112500000000001,-0.14282899732759313
4.1124999999999998,-0.14648872195295409
4.1137499999999996,-0.15014844657831508
4.1149999999999993,-0.15380817120367604
4.11625,-0.157467895829037
4.1174999999999997,-0.16112762045439799
4.1187499999999995,-0.16112762045439799
4.1200000000000001,-0.16844706970511994
4.1212499999999999,-0.1721067943304809
4.1224999999999996,-0.17576651895584189
4.1237499999999994,-0.17942624358120285
4.125,-0.18308596820656384
4.1262499999999998,-0.1867456928319248
4.1274999999999995,-0.19040541745728579
4.1287500000000001,-0.19406514208264675
4.1299999999999999,-0.19772486670800771
4.1312499999999996,-0.2013845913333687
4.1324999999999994,-0.20870404058409064
4.13375,-0.20870404058409064
4.1349999999999998,-0.2123637652094516
4.1362499999999995,-0.21602348983481259
4.1375000000000002,-0.21968321446017355
4.1387499999999999,-0.22334293908553454
4.1399999999999997,-0.2270026637108955
4.1412499999999994,-0.23066238833625649
4.1425000000000001,-0.23432211296161745
4.1437499999999998,-0.23798183758697841
4.1449999999999996,-0.2416415622123394
4.1462499999999993,-0.24530128683770036
4.1475,-0.24896101146306135
4.1487499999999997,-0.24896101146306135
4.1499999999999995,-0.25262073608842234
4.1512500000000001,-0.2562804607137833
4.1524999999999999,-0.2562804607137833
4.1537499999999996,-0.25994018533914426
4.1549999999999994,-0.26359990996450522
4.15625,-0.26725963458986624
4.1574999999999998,-0.26725963458986624
4.1587499999999995,-0.2709193592152272
4.1600000000000001,-0.27457908384058816
4.1612499999999999,-0.27457908384058816
4.1624999999999996,-0.27823880846594912
4.1637499999999994,-0.27823880846594912
4.165,-0.28189853309131008
4.1662499999999998,-0.28189853309131008
4.1674999999999995,-0.28555825771667109
4.1687500000000002,-0.28555825771667109
4.1699999999999999,-0.28555825771667109
4.1712499999999997,-0.28555825771667109
4.1724999999999994,-0.28921798234203205
4.1737500000000001,-0.28555825771667109
4.1749999999999998,-0.28921798234203205
4.1762499999999996,-0.28921798234203205
4.1774999999999993,-0.28921798234203205
4.17875,-0.28555825771667109
4.1799999999999997,-0.28555825771667109
4.1812499999999995,-0.28555825771667109
4.1825000000000001,-0.28189853309131008
4.1837499999999999,-0.28189853309131008
4.1849999999999996,-0.27823880846594912
4.1862499999999994,-0.27823880846594912
4.1875,-0.27457908384058816
4.1887499999999998,-0.27457908384058816
4.1899999999999995,-0.2709193592152272
4.1912500000000001,-0.26725963458986624
4.1924999999999999,-0.26725963458986624
4.1937499999999996,-0.26359990996450522
4.1949999999999994,-0.25994018533914426
4.19625,-0.2562804607137833
4.1974999999999998,-0.2562804607137833
4.1987499999999995,-0.25262073608842234
4.2000000000000002,-0.24896101146306135
4.2012499999999999,-0.24530128683770036
4.2024999999999997,-0.2416415622123394
4.2037499999999994,-0.2416415622123394
4.2050000000000001,-0.23798183758697841
4.2062499999999998,-0.23432211296161745
4.2074999999999996,-0.23066238833625649
4.2087499999999993,-0.23066238833625649
4.21,-0.2270026637108955
4.2112499999999997,-0.2270026637108955
4.2124999999999995,-0.22334293908553454
4.2137500000000001,-0.22334293908553454
4.2149999999999999,-0.21968321446017355
4.2162499999999996,-0.21968321446017355
4.2174999999999994,-0.21602348983481259
4.21875,-0.21602348983481259
4.2199999999999998,-0.21602348983481259
4.2212499999999995,-0.2123637652094516
4.2225000000000001,-0.2123637652094516
4.2237499999999999,-0.2123637652094516
4.2249999999999996,-0.2123637652094516
4.2262499999999994,-0.2123637652094516
4.2275,-0.2123637652094516
4.2287499999999998,-0.2123637652094516
4.2299999999999995,-0.2123637652094516
4.2312500000000002,-0.21602348983481259
4.2324999999999999,-0.21602348983481259
4.2337499999999997,-0.21602348983481259
4.2349999999999994,-0.21968321446017355
4.2362500000000001,-0.21968321446017355
4.2374999999999998,-0.22334293908553454
4.2387499999999996,-0.22334293908553454
4.2399999999999993,-0.2270026637108955
4.24125,-0.23066238833625649
4.2424999999999997,-0.23432211296161745
4.2437499999999995,-0.23798183758697841
4.2450000000000001,-0.23798183758697841
4.2462499999999999,-0.2416415622123394
4.2474999999999996,-0.24530128683770036
4.2487499999999994,-0.24896101146306135
4.25,-0.25262073608842234
4.2512499999999998,-0.2562804607137833
4.2524999999999995,-0.25994018533914426
4.2537500000000001,-0.26359990996450522
4.2549999999999999,-0.26725963458986624
4.2562499999999996,-0.2709193592152272
4.2574999999999994,-0.27457908384058816
4.25875,-0.27823880846594912
4.2599999999999998,-0.28189853309131008
4.2612499999999995,-0.28555825771667109
4.2625000000000002,-0.28921798234203205
4.2637499999999999,-0.28921798234203205
4.2649999999999997,-0.29287770696739301
4.2662499999999994,-0.29653743159275398
4.2675000000000001,-0.30019715621811499
4.2687499999999998,-0.30019715621811499
4.2699999999999996,-0.30385688084347595
4.2712499999999993,-0.30385688084347595
4.2725,-0.30385688084347595
4.2737499999999997,-0.30751660546883691
4.2749999999999995,-0.30751660546883691
4.2762500000000001,-0.30751660546883691
4.2774999999999999,-0.30751660546883691
4.2787499999999996,-0.30751660546883691
4.2799999999999994,-0.30751660546883691
4.28125,-0.30751660546883691
4.2824999999999998,-0.30751660546883691
4.2837499999999995,-0.30385688084347595
4.2850000000000001,-0.30385688084347595
4.2862499999999999,-0.30019715621811499
4.2874999999999996,-0.29653743159275398
4.2887499999999994,-0.29653743159275398
4.29,-0.29287770696739301
4.2912499999999998,-0.28921798234203205
4.2924999999999995,-0.28555825771667109
4.2937500000000002,-0.28189853309131008
4.2949999999999999,-0.27823880846594912
4.2962499999999997,-0.27457908384058816
4.2974999999999994,-0.2709193592152272
4.2987500000000001,-0.26725963458986624
4.2999999999999998,-0.26359990996450522
4.3012499999999996,-0.25994018533914426
4.3024999999999993,-0.2562804607137833
4.30375,-0.25262073608842234
4.3049999999999997,-0.25262073608842234
4.3062499999999995,-0.24896101146306135
4.3075000000000001,-0.24530128683770036
4.3087499999999999,-0.2416415622123394
4.3099999999999996,-0.23798183758697841
4.3112499999999994,-0.23798183758697841
4.3125,-0.23432211296161745
4.3137499999999998,-0.23066238833625649
4.3149999999999995,-0.23066238833625649
4.3162500000000001,-0.2270026637108955
4.3174999999999999,-0.2270026637108955
4.3187499999999996,-0.22334293908553454
4.3199999999999994,-0.21968321446017355
4.32125,-0.21968321446017355
4.3224999999999998,-0.21602348983481259
4.3237499999999995,-0.21602348983481259
4.3250000000000002,-0.2123637652094516
4.3262499999999999,-0.2123637652094516
4.3274999999999997,-0.20870404058409064
4.3287499999999994,-0.20504431595872966
4.3300000000000001,-0.20504431595872966
4.3312499999999998,-0.2013845913333687
4.3324999999999996,-0.19772486670800771
4.3337499999999993,-0.19772486670800771
4.335,-0.19406514208264675
4.3362499999999997,-0.19040541745728579
4.3374999999999995,-0.1867456928319248
4.3387500000000001,-0.18308596820656384
4.3399999999999999,-0.17942624358120285
4.3412499999999996,-0.17576651895584189
4.3424999999999994,-0.17576651895584189
4.34375,-0.1721067943304809
4.3449999999999998,-0.16844706970511994
4.3462499999999995,-0.16478734507975895
4.3475000000000001,-0.16112762045439799
4.3487499999999999,-0.157467895829037
4.3499999999999996,-0.15380817120367604
4.3512499999999994,-0.15014844657831508
4.3525,-0.14648872195295409
4.3537499999999998,-0.14282899732759313
4.3549999999999995,-0.13916927270223214
4.3562500000000002,-0.13550954807687118
4.3574999999999999,-0.1318498234515102
4.3587499999999997,-0.1318498234515102
4.3599999999999994,-0.12819009882614923
4.3612500000000001,-0.12453037420078826
4.3624999999999998,-0.12087064957542729
4.3637499999999996,-0.11721092495006631
4.3649999999999993,-0.11721092495006631
4.36625,-0.11355120032470534
4.3674999999999997,-0.10989147569934436
4.3687499999999995,-0.10623175107398339
4.3700000000000001,-0.10257202644862241
4.3712499999999999,-0.10257202644862241
4.3724999999999996,-0.098912301823261439
4.3737499999999994,-0.098912301823261439
4.375,-0.095252577197900479
4.3762499999999998,-0.095252577197900479
4.3774999999999995,-0.095252577197900479
4.3787500000000001,-0.091592852572539504
4.3799999999999999,-0.091592852572539504
4.3812499999999996,-0.08793312794717853
4.3824999999999994,-0.08793312794717853
4.38375,-0.08793312794717853
4.3849999999999998,-0.084273403321817555
4.3862499999999995,-0.084273403321817555
4.3875000000000002,-0.084273403321817555
4.3887499999999999,-0.084273403321817555
4.3899999999999997,-0.084273403321817555
4.3912499999999994,-0.080613678696456581
4.3925000000000001,-0.080613678696456581
4.3937499999999998,-0.080613678696456581
4.3949999999999996,-0.080613678696456581
4.3962499999999993,-0.080613678696456581
4.3975,-0.080613678696456581
4.3987499999999997,-0.080613678696456581
4.3999999999999995,-0.080613678696456581
4.4012500000000001,-0.080613678696456581
4.4024999999999999,-0.080613678696456581
4.4037499999999996,-0.080613678696456581
4.4049999999999994,-0.080613678696456581
4.40625,-0.080613678696456581
4.4074999999999998,-0.080613678696456581
4.4087499999999995,-0.084273403321817555
4.4100000000000001,-0.084273403321817555
4.4112499999999999,-0.084273403321817555
4.4124999999999996,-0.08793312794717853
4.4137499999999994,-0.08793312794717853
4.415,-0.091592852572539504
4.4162499999999998,-0.091592852572539504
4.4174999999999995,-0.091592852572539504
4.4187500000000002,-0.095252577197900479
4.4199999999999999,-0.095252577197900479
4.4212499999999997,-0.098912301823261439
4.4224999999999994,-0.098912301823261439
4.4237500000000001,-0.10257202644862241
4.4249999999999998,-0.10623175107398339
4.4262499999999996,-0.10623175107398339
4.4274999999999993,-0.10989147569934436
4.42875,-0.11355120032470534
4.4299999999999997,-0.11721092495006631
4.4312499999999995,-0.12087064957542729
4.4325000000000001,-0.12453037420078826
4.4337499999999999,-0.12819009882614923
4.4349999999999996,-0.1318498234515102
4.4362499999999994,-0.13550954807687118
4.4375,-0.13916927270223214
4.4387499999999998,-0.14282899732759313
4.4399999999999995,-0.14648872195295409
4.4412500000000001,-0.15380817120367604
4.4424999999999999,-0.157467895829037
4.4437499999999996,-0.16478734507975895
4.4449999999999994,-0.1721067943304809
4.44625,-0.17576651895584189
4.4474999999999998,-0.18308596820656384
4.4487499999999995,-0.19040541745728579
4.4500000000000002,-0.19772486670800771
4.4512499999999999,-0.2013845913333687
4.4524999999999997,-0.20870404058409064
4.4537499999999994,-0.21602348983481259
4.4550000000000001,-0.22334293908553454
4.4562499999999998,-0.23066238833625649
4.4574999999999996,-0.23798183758697841
4.4587499999999993,-0.24530128683770036
4.46,-0.25262073608842234
4.4612499999999997,-0.25994018533914426
4.4624999999999995,-0.26359990996450522
4.4637500000000001,-0.2709193592152272
4.4649999999999999,-0.27823880846594912
4.4662499999999996,-0.28555825771667109
4.4674999999999994,-0.29287770696739301
4.46875,-0.29653743159275398
4.4699999999999998,-0.30385688084347595
4.4712499999999995,-0.31117633009419787
4.4725000000000001,-0.31483605471955883
4.4737499999999999,-0.32215550397028081
4.4749999999999996,-0.32947495322100273
4.4762499999999994,-0.33313467784636375
4.4775,-0.33679440247172471
4.4787499999999998,-0.34411385172244663
4.4799999999999995,-0.34777357634780764
4.4812500000000002,-0.35143330097316861
4.4824999999999999,-0.35875275022389053
4.4837499999999997,-0.36241247484925149
4.4849999999999994,-0.3660721994746125
4.4862500000000001,-0.36973192409997346
4.4874999999999998,-0.37339164872533442
4.4887499999999996,-0.37339164872533442
4.4899999999999993,-0.37705137335069538
4.49125,-0.3807110979760564
4.4924999999999997,-0.38437082260141736
4.4937499999999995,-0.38803054722677832
4.4950000000000001,-0.39169027185213928
4.4962499999999999,-0.39169027185213928
4.4974999999999996,-0.39534999647750024
4.4987499999999994,-0.39534999647750024
4.5,-0.39900972110286126
4.5012499999999998,-0.39900972110286126
4.5024999999999995,-0.40266944572822222
4.5037500000000001,-0.40266944572822222
4.5049999999999999,-0.40632917035358318
4.5062499999999996,-0.40632917035358318
4.5074999999999994,-0.40998889497894414
4.50875,-0.40998889497894414
4.5099999999999998,-0.40998889497894414
4.5112499999999995,-0.41364861960430516
4.5125000000000002,-0.41364861960430516
4.5137499999999999,-0.41364861960430516
4.5149999999999997,-0.41364861960430516
4.5162499999999994,-0.41364861960430516
4.5175000000000001,-0.41364861960430516
4.5187499999999998,-0.41364861960430516
4.5199999999999996,-0.40998889497894414
4.5212499999999993,-0.40998889497894414
4.5225,-0.40998889497894414
4.5237499999999997,-0.40998889497894414
4.5249999999999995,-0.40632917035358318
4.5262500000000001,-0.40632917035358318
4.5274999999999999,-0.40632917035358318
4.5287499999999996,-0.40266944572822222
4.5299999999999994,-0.40266944572822222
4.53125,-0.40266944572822222
4.5324999999999998,-0.39900972110286126
4.5337499999999995,-0.39534999647750024
4.5350000000000001,-0.39534999647750024
4.5362499999999999,-0.39169027185213928
4.5374999999999996,-0.38803054722677832
4.5387499999999994,-0.38803054722677832
4.54,-0.38437082260141736
4.5412499999999998,-0.3807110979760564
4.5424999999999995,-0.3807110979760564
4.5437500000000002,-0.37705137335069538
4.5449999999999999,-0.37339164872533442
4.5462499999999997,-0.36973192409997346
4.5474999999999994,-0.3660721994746125
4.5487500000000001,-0.36241247484925149
4.5499999999999998,-0.35875275022389053
4.5512499999999996,-0.35509302559852957
4.5524999999999993,-0.35143330097316861
4.55375,-0.34777357634780764
4.5549999999999997,-0.34411385172244663
4.5562499999999995,-0.34045412709708567
4.5575000000000001,-0.33679440247172471
4.5587499999999999,-0.33313467784636375
4.5599999999999996,-0.32947495322100273
4.5612499999999994,-0.32581522859564177
4.5625,-0.32215550397028081
4.5637499999999998,-0.31849577934491985
4.5649999999999995,-0.31483605471955883
4.5662500000000001,-0.31117633009419787
4.5674999999999999,-0.30751660546883691
4.5687499999999996,-0.30385688084347595
4.5699999999999994,-0.30019715621811499
4.57125,-0.29653743159275398
4.5724999999999998,-0.29287770696739301
4.5737499999999995,-0.28555825771667109
4.5750000000000002,-0.28189853309131008
4.5762499999999999,-0.28189853309131008
4.5774999999999997,-0.27457908384058816
4.5787499999999994,-0.2709193592152272
4.5800000000000001,-0.26725963458986624
4.5812499999999998,-0.26359990996450522
4.5824999999999996,-0.25994018533914426
4.5837499999999993,-0.2562804607137833
4.585,-0.25262073608842234
4.5862499999999997,-0.24896101146306135
4.5874999999999995,-0.24530128683770036
4.5887500000000001,-0.2416415622123394
4.5899999999999999,-0.23798183758697841
4.5912499999999996,-0.23432211296161745
4.5924999999999994,-0.23066238833625649
4.59375,-0.2270026637108955
4.5949999999999998,-0.22334293908553454
4.5962499999999995,-0.21968321446017355
4.5975000000000001,-0.21602348983481259
4.5987499999999999,-0.21602348983481259
4.5999999999999996,-0.2123637652094516
4.6012499999999994,-0.20870404058409064
4.6025,-0.20504431595872966
4.6037499999999998,-0.20504431595872966
4.6049999999999995,-0.2013845913333687
4.6062500000000002,-0.19772486670800771
4.6074999999999999,-0.19772486670800771
4.6087499999999997,-0.19772486670800771
4.6099999999999994,-0.19406514208264675
4.6112500000000001,-0.19406514208264675
4.6124999999999998,-0.19406514208264675
4.6137499999999996,-0.19406514208264675
4.6149999999999993,-0.19040541745728579
4.61625,-0.19040541745728579
4.6174999999999997,-0.19040541745728579
4.6187499999999995,-0.19040541745728579
4.6200000000000001,-0.1867456928319248
4.6212499999999999,-0.1867456928319248
4.6224999999999996,-0.1867456928319248
4.6237499999999994,-0.1867456928319248
4.625,-0.1867456928319248
4.6262499999999998,-0.1867456928319248
4.6274999999999995,-0.1867456928319248
4.6287500000000001,-0.1867456928319248
4.6299999999999999,-0.1867456928319248
4.6312499999999996,-0.1867456928319248
4.6324999999999994,-0.1867456928319248
4.63375,-0.1867456928319248
4.6349999999999998,-0.1867456928319248
4.6362499999999995,-0.1867456928319248
4.6375000000000002,-0.18308596820656384
4.6387499999999999,-0.1867456928319248
4.6399999999999997,-0.18308596820656384
4.6412499999999994,-0.18308596820656384
4.6425000000000001,-0.18308596820656384
4.6437499999999998,-0.18308596820656384
4.6449999999999996,-0.18308596820656384
4.6462499999999993,-0.18308596820656384
4.6475,-0.17942624358120285
4.6487499999999997,-0.17942624358120285
4.6499999999999995,-0.17942624358120285
4.6512500000000001,-0.17576651895584189
4.6524999999999999,-0.17576651895584189
4.6537499999999996,-0.17576651895584189
4.6549999999999994,-0.1721067943304809
4.65625,-0.1721067943304809
4.6574999999999998,-0.1721067943304809
4.6587499999999995,-0.1721067943304809
4.6600000000000001,-0.16844706970511994
4.6612499999999999,-0.16844706970511994
4.6624999999999996,-0.16478734507975895
4.6637499999999994,-0.16478734507975895
4.665,-0.16478734507975895
4.6662499999999998,-0.16112762045439799
4.6674999999999995,-0.16112762045439799
4.6687500000000002,-0.157467895829037
4.6699999999999999,-0.157467895829037
4.6712499999999997,-0.15380817120367604
4.6724999999999994,-0.15380817120367604
4.6737500000000001,-0.15380817120367604
4.6749999999999998,-0.15014844657831508
4.6762499999999996,-0.15014844657831508
4.6774999999999993,-0.15014844657831508
4.67875,-0.15014844657831508
4.6799999999999997,-0.14648872195295409
4.6812499999999995,-0.14648872195295409
4.6825000000000001,-0.14648872195295409
4.6837499999999999,-0.14282899732759313
4.6849999999999996,-0.14282899732759313
4.6862499999999994,-0.14282899732759313
4.6875,-0.14282899732759313
4.6887499999999998,-0.13916927270223214
4.6899999999999995,-0.13916927270223214
4.6912500000000001,-0.14282899732759313
4.6924999999999999,-0.13916927270223214
4.6937499999999996,-0.13916927270223214
4.6949999999999994,-0.13916927270223214
4.69625,-0.13916927270223214
4.6974999999999998,-0.13916927270223214
4.6987499999999995,-0.13916927270223214
4.7000000000000002,-0.13916927270223214
4.7012499999999999,-0.13916927270223214
4.7024999999999997,-0.13916927270223214
4.7037499999999994,-0.13916927270223214
4.7050000000000001,-0.13916927270223214
4.7062499999999998,-0.13916927270223214
4.7074999999999996,-0.13916927270223214
4.7087499999999993,-0.13916927270223214
4.71,-0.13916927270223214
4.7112499999999997,-0.13916927270223214
4.7124999999999995,-0.13916927270223214
4.7137500000000001,-0.14282899732759313
4.7149999999999999,-0.14282899732759313
4.7162499999999996,-0.14282899732759313
4.7174999999999994,-0.14282899732759313
4.71875,-0.14282899732759313
4.7199999999999998,-0.14282899732759313
4.7212499999999995,-0.14282899732759313
4.7225000000000001,-0.14648872195295409
4.7237499999999999,-0.14648872195295409
4.7249999999999996,-0.14648872195295409
4.7262499999999994,-0.14648872195295409
4.7275,-0.15014844657831508
4.7287499999999998,-0.15014844657831508
4.7299999999999995,-0.15014844657831508
4.7312500000000002,-0.15014844657831508
4.7324999999999999,-0.15380817120367604
4.7337499999999997,-0.15380817120367604
4.7349999999999994,-0.15380817120367604
4.7362500000000001,-0.157467895829037
4.7374999999999998,-0.157467895829037
4.7387499999999996,-0.16112762045439799
4.7399999999999993,-0.16112762045439799
4.74125,-0.16478734507975895
4.7424999999999997,-0.16478734507975895
4.7437499999999995,-0.16844706970511994
4.7450000000000001,-0.1721067943304809
4.7462499999999999,-0.1721067943304809
4.7474999999999996,-0.17576651895584189
4.7487499999999994,-0.17576651895584189
4.75,-0.17942624358120285
4.7512499999999998,-0.18308596820656384
4.7524999999999995,-0.18308596820656384
4.7537500000000001,-0.1867456928319248
4.7549999999999999,-0.19040541745728579
4.7562499999999996,-0.19406514208264675
4.7574999999999994,-0.19406514208264675
4.75875,-0.19772486670800771
4.7599999999999998,-0.2013845913333687
4.7612499999999995,-0.20504431595872966
4.7625000000000002,-0.20504431595872966
4.7637499999999999,-0.20870404058409064
4.7649999999999997,-0.2123637652094516
4.7662499999999994,-0.21602348983481259
4.7675000000000001,-0.21602348983481259
4.7687499999999998,-0.21968321446017355
4.7699999999999996,-0.22334293908553454
4.7712499999999993,-0.2270026637108955
4.7725,-0.23066238833625649
4.7737499999999997,-0.23432211296161745
4.7749999999999995,-0.2416415622123394
4.7762500000000001,-0.2416415622123394
4.7774999999999999,-0.24896101146306135
4.7787499999999996,-0.25262073608842234
4.7799999999999994,-0.2562804607137833
4.78125,-0.2562804607137833
4.7824999999999998,-0.26359990996450522
4.7837499999999995,-0.26359990996450522
4.7850000000000001,-0.2709193592152272
4.7862499999999999,-0.2709193592152272
4.7874999999999996,-0.27457908384058816
4.7887499999999994,-0.27823880846594912
4.79,-0.28555825771667109
4.7912499999999998,-0.28555825771667109
4.7924999999999995,-0.28921798234203205
4.7937500000000002,-0.29287770696739301
4.7949999999999999,-0.29653743159275398
4.7962499999999997,-0.30019715621811499
4.7974999999999994,-0.30385688084347595
4.7987500000000001,-0.30751660546883691
4.7999999999999998,-0.30751660546883691
4.8012499999999996,-0.31117633009419787
4.8024999999999993,-0.31483605471955883
4.80375,-0.31483605471955883
4.8049999999999997,-0.31849577934491985
4.8062499999999995,-0.32215550397028081
4.8075000000000001,-0.32215550397028081
4.8087499999999999,-0.32581522859564177
4.8099999999999996,-0.32581522859564177
4.8112499999999994,-0.32947495322100273
4.8125,-0.32947495322100273
4.8137499999999998,-0.32947495322100273
4.8149999999999995,-0.33313467784636375
4.8162500000000001,-0.33313467784636375
4.8174999999999999,-0.33313467784636375
4.8187499999999996,-0.33313467784636375
4.8199999999999994,-0.33313467784636375
4.82125,-0.33313467784636375
4.8224999999999998,-0.33313467784636375
4.8237499999999995,-0.32947495322100273
4.8250000000000002,-0.32947495322100273
4.8262499999999999,-0.32947495322100273
4.8274999999999997,-0.32581522859564177
4.8287499999999994,-0.32581522859564177
4.8300000000000001,-0.32215550397028081
4.8312499999999998,-0.31849577934491985
4.8324999999999996,-0.31849577934491985
4.8337499999999993,-0.31483605471955883
4.835,-0.31117633009419787
4.8362499999999997,-0.30751660546883691
4.8374999999999995,-0.30385688084347595
4.8387500000000001,-0.30019715621811499
4.8399999999999999,-0.29653743159275398
4.8412499999999996,-0.29287770696739301
4.8424999999999994,-0.28921798234203205
4.84375,-0.28555825771667109
4.8449999999999998,-0.28189853309131008
4.8462499999999995,-0.27823880846594912
4.8475000000000001,-0.27457908384058816
4.8487499999999999,-0.2709193592152272
4.8499999999999996,-0.26725963458986624
4.8512499999999994,-0.26359990996450522
4.8525,-0.25994018533914426
4.8537499999999998,-0.2562804607137833
4.8549999999999995,-0.25262073608842234
4.8562500000000002,-0.24896101146306135
4.8574999999999999,-0.24530128683770036
4.8587499999999997,-0.2416415622123394
4.8599999999999994,-0.23798183758697841
4.8612500000000001,-0.23432211296161745
4.8624999999999998,-0.23066238833625649
4.8637499999999996,-0.2270026637108955
4.8649999999999993,-0.2270026637108955
4.86625,-0.22334293908553454
4.8674999999999997,-0.21968321446017355
4.8687499999999995,-0.21602348983481259
4.8700000000000001,-0.21602348983481259
4.8712499999999999,-0.2123637652094516
4.8724999999999996,-0.20870404058409064
4.8737499999999994,-0.20870404058409064
4.875,-0.20504431595872966
4.8762499999999998,-0.20504431595872966
4.8774999999999995,-0.2013845913333687
4.8787500000000001,-0.2013845913333687
4.8799999999999999,-0.2013845913333687
4.8812499999999996,-0.19772486670800771
4.8824999999999994,-0.19772486670800771
4.88375,-0.19406514208264675
4.8849999999999998,-0.19406514208264675
4.8862499999999995,-0.19040541745728579
4.8875000000000002,-0.19040541745728579
4.8887499999999999,-0.1867456928319248
4.8899999999999997,-0.1867456928319248
4.8912499999999994,-0.1867456928319248
4.8925000000000001,-0.1867456928319248
4.8937499999999998,-0.18308596820656384
4.8949999999999996,-0.18308596820656384
4.8962499999999993,-0.18308596820656384
4.8975,-0.17942624358120285
4.8987499999999997,-0.17942624358120285
4.8999999999999995,-0.17576651895584189
4.9012500000000001,-0.17576651895584189
4.9024999999999999,-0.17576651895584189
4.9037499999999996,-0.1721067943304809
4.9049999999999994,-0.1721067943304809
4.90625,-0.16844706970511994
4.9074999999999998,-0.16844706970511994
4.9087499999999995,-0.16844706970511994
4.9100000000000001,-0.16478734507975895
4.9112499999999999,-0.16478734507975895
4.9124999999999996,-0.16478734507975895
4.9137499999999994,-0.16112762045439799
4.915,-0.16112762045439799
4.9162499999999998,-0.16112762045439799
4.9174999999999995,-0.157467895829037
4.9187500000000002,-0.157467895829037
4.9199999999999999,-0.157467895829037
4.9212499999999997,-0.157467895829037
4.9224999999999994,-0.15380817120367604
4.9237500000000001,-0.15380817120367604
4.9249999999999998,-0.15380817120367604
4.9262499999999996,-0.15014844657831508
4.9274999999999993,-0.15014844657831508
4.92875,-0.15014844657831508
4.9299999999999997,-0.15014844657831508
4.9312499999999995,-0.14648872195295409
4.9325000000000001,-0.14648872195295409
4.9337499999999999,-0.14648872195295409
4.9349999999999996,-0.14648872195295409
4.9362499999999994,-0.14282899732759313
4.9375,-0.14282899732759313
4.9387499999999998,-0.14282899732759313
4.9399999999999995,-0.14282899732759313
4.9412500000000001,-0.13916927270223214
4.9424999999999999,-0.13916927270223214
4.9437499999999996,-0.13916927270223214
4.9449999999999994,-0.13916927270223214
4.94625,-0.13550954807687118
4.9474999999999998,-0.13550954807687118
4.9487499999999995,-0.13550954807687118
4.9500000000000002,-0.1318498234515102
4.9512499999999999,-0.1318498234515102
4.9524999999999997,-0.12819009882614923
4.9537499999999994,-0.12819009882614923
4.9550000000000001,-0.12453037420078826
4.9562499999999998,-0.12453037420078826
4.9574999999999996,-0.12087064957542729
4.9587499999999993,-0.12087064957542729
4.96,-0.11721092495006631
4.9612499999999997,-0.11721092495006631
4.9624999999999995,-0.11355120032470534
4.9637500000000001,-0.11355120032470534
4.9649999999999999,-0.11355120032470534
4.9662499999999996,-0.10989147569934436
4.9674999999999994,-0.10623175107398339
4.96875,-0.10623175107398339
4.9699999999999998,-0.10257202644862241
4.9712499999999995,-0.10257202644862241
4.9725000000000001,-0.098912301823261439
4.9737499999999999,-0.098912301823261439
4.9749999999999996,-0.095252577197900479
4.9762499999999994,-0.095252577197900479
4.9775,-0.095252577197900479
4.9787499999999998,-0.091592852572539504
4.9799999999999995,-0.091592852572539504
4.9812500000000002,-0.091592852572539504
4.9824999999999999,-0.08793312794717853
4.9837499999999997,-0.08793312794717853
4.9849999999999994,-0.08793312794717853
4.9862500000000001,-0.08793312794717853
4.9874999999999998,-0.084273403321817555
4.9887499999999996,-0.084273403321817555
4.9899999999999993,-0.084273403321817555
4.99125,-0.08793312794717853
4.9924999999999997,-0.08793312794717853
4.9937499999999995,-0.08793312794717853
4.9950000000000001,-0.08793312794717853
4.9962499999999999,-0.08793312794717853
4.9974999999999996,-0.091592852572539504
4.9987499999999994,-0.091592852572539504
5,-0.095252577197900479
5.0012499999999998,-0.095252577197900479
5.0024999999999995,-0.098912301823261439
5.0037500000000001,-0.098912301823261439
5.0049999999999999,-0.10257202644862241
5.0062499999999996,-0.10623175107398339
5.0074999999999994,-0.10989147569934436
5.00875,-0.11355120032470534
5.0099999999999998,-0.11721092495006631
5.0112499999999995,-0.12087064957542729
5.0125000000000002,-0.12453037420078826
5.0137499999999999,-0.12819009882614923
5.0149999999999997,-0.1318498234515102
5.0162499999999994,-0.13550954807687118
5.0175000000000001,-0.13916927270223214
5.0187499999999998,-0.14648872195295409
5.0199999999999996,-0.15014844657831508
5.0212499999999993,-0.15380817120367604
5.0225,-0.16112762045439799
5.0237499999999997,-0.16478734507975895
5.0249999999999995,-0.1721067943304809
5.0262500000000001,-0.17576651895584189
5.0274999999999999,-0.18308596820656384
5.0287499999999996,-0.19040541745728579
5.0299999999999994,-0.19772486670800771
5.03125,-0.2013845913333687
5.0324999999999998,-0.20870404058409064
5.0337499999999995,-0.2123637652094516
5.0350000000000001,-0.21968321446017355
5.0362499999999999,-0.2270026637108955
5.0374999999999996,-0.23066238833625649
5.0387499999999994,-0.23798183758697841
5.04,-0.2416415622123394
5.0412499999999998,-0.24896101146306135
5.0424999999999995,-0.2562804607137833
5.0437500000000002,-0.26359990996450522
5.0449999999999999,-0.26725963458986624
5.0462499999999997,-0.27457908384058816
5.0474999999999994,-0.28189853309131008
5.0487500000000001,-0.28555825771667109
5.0499999999999998,-0.29287770696739301
5.0512499999999996,-0.29653743159275398
5.0524999999999993,-0.30385688084347595
5.05375,-0.31117633009419787
5.0549999999999997,-0.31483605471955883
5.0562499999999995,-0.32215550397028081
5.0575000000000001,-0.32581522859564177
5.0587499999999999,-0.33313467784636375
5.0599999999999996,-0.34045412709708567
5.0612499999999994,-0.34777357634780764
5.0625,-0.35509302559852957
5.0637499999999998,-0.35875275022389053
5.0649999999999995,-0.3660721994746125
5.0662500000000001,-0.37339164872533442
5.0674999999999999,-0.3807110979760564
5.0687499999999996,-0.38803054722677832
5.0699999999999994,-0.39534999647750024
5.07125,-0.40266944572822222
5.0724999999999998,-0.40998889497894414
5.0737499999999995,-0.41730834422966612
5.0750000000000002,-0.42828751810574905
5.0762499999999999,-0.43560696735647098
5.0774999999999997,-0.4429264166071929
5.0787499999999994,-0.45390559048327583
5.0800000000000001,-0.46122503973399781
5.0812499999999998,-0.46854448898471973
5.0824999999999996,-0.47952366286080267
5.0837499999999993,-0.48684311211152459
5.085,-0.49782228598760753
5.0862499999999997,-0.5051417352383295
5.0874999999999995,-0.51246118448905142
5.0887500000000001,-0.52344035836513436
5.0899999999999999,-0.53075980761585628
5.0912499999999996,-0.54173898149193922
5.0924999999999994,-0.54905843074266114
5.09375,-0.56003760461874408
5.0949999999999998,-0.567357053869466
5.0962499999999995,-0.57467650312018792
5.0975000000000001,-0.58199595237090995
5.0987499999999999,-0.58931540162163187
5.0999999999999996,-0.59663485087235379
5.1012499999999994,-0.60395430012307572
5.1025,-0.61127374937379764
5.1037499999999998,-0.61493347399915865
5.1049999999999995,-0.62225292324988057
5.1062500000000002,-0.6295723725006025
5.1074999999999999,-0.63323209712596351
5.1087499999999997,-0.63689182175132453
5.1099999999999994,-0.64421127100204645
5.1112500000000001,-0.64787099562740746
5.1124999999999998,-0.65153072025276837
5.1137499999999996,-0.65519044487812939
5.1149999999999993,-0.65519044487812939
5.11625,-0.65519044487812939
5.1174999999999997,-0.65519044487812939
5.1187499999999995,-0.65885016950349029
5.1200000000000001,-0.65519044487812939
